0.4 0.04 
0 2 
0 3 
0 5 
0 6 
0 11 
0 12 
0 14 
0 17 
0 19 
0 20 
0 22 
0 27 
0 31 
0 32 
0 33 
0 35 
0 37 
0 41 
0 47 
0 49 
0 51 
0 52 
0 56 
0 62 
0 64 
0 65 
0 66 
0 76 
0 80 
0 85 
0 87 
0 89 
0 90 
0 92 
0 98 
0 99 
0 156 
0 163 
0 180 
0 263 
0 288 
0 307 
0 311 
0 350 
0 357 
0 361 
1 3 
1 9 
1 10 
1 12 
1 13 
1 17 
1 19 
1 22 
1 24 
1 25 
1 26 
1 28 
1 30 
1 31 
1 33 
1 35 
1 36 
1 39 
1 41 
1 42 
1 43 
1 52 
1 53 
1 57 
1 59 
1 60 
1 63 
1 65 
1 72 
1 74 
1 75 
1 76 
1 77 
1 81 
1 82 
1 83 
1 87 
1 88 
1 89 
1 91 
1 93 
1 98 
1 222 
1 380 
1 391 
2 3 
2 6 
2 8 
2 16 
2 17 
2 19 
2 22 
2 25 
2 26 
2 28 
2 33 
2 34 
2 36 
2 38 
2 39 
2 40 
2 41 
2 42 
2 43 
2 48 
2 51 
2 52 
2 56 
2 57 
2 60 
2 68 
2 73 
2 74 
2 76 
2 80 
2 81 
2 83 
2 84 
2 86 
2 87 
2 91 
2 92 
2 95 
2 96 
2 97 
2 110 
2 111 
2 125 
2 147 
2 154 
2 169 
2 184 
2 188 
2 189 
2 193 
2 263 
2 278 
2 342 
3 5 
3 7 
3 8 
3 12 
3 15 
3 19 
3 24 
3 25 
3 26 
3 27 
3 28 
3 30 
3 33 
3 34 
3 37 
3 41 
3 42 
3 44 
3 52 
3 55 
3 56 
3 57 
3 65 
3 67 
3 68 
3 69 
3 73 
3 79 
3 80 
3 83 
3 85 
3 88 
3 91 
3 94 
3 96 
3 97 
3 98 
3 110 
3 127 
3 162 
3 173 
3 211 
3 213 
3 218 
3 229 
3 242 
3 276 
3 293 
3 326 
3 364 
4 8 
4 10 
4 18 
4 21 
4 23 
4 26 
4 27 
4 29 
4 30 
4 34 
4 37 
4 39 
4 41 
4 43 
4 45 
4 47 
4 48 
4 52 
4 55 
4 58 
4 60 
4 62 
4 63 
4 67 
4 68 
4 69 
4 71 
4 74 
4 76 
4 83 
4 84 
4 86 
4 89 
4 91 
4 93 
4 94 
4 105 
4 147 
4 158 
4 184 
4 212 
4 220 
4 249 
4 256 
4 302 
4 330 
4 362 
4 379 
4 383 
5 6 
5 10 
5 12 
5 15 
5 16 
5 18 
5 19 
5 20 
5 28 
5 30 
5 31 
5 35 
5 38 
5 40 
5 42 
5 46 
5 49 
5 51 
5 54 
5 56 
5 60 
5 61 
5 63 
5 64 
5 66 
5 67 
5 69 
5 81 
5 83 
5 84 
5 85 
5 87 
5 88 
5 91 
5 92 
5 93 
5 97 
5 98 
5 152 
5 166 
5 215 
5 247 
5 262 
5 268 
5 285 
5 337 
5 346 
5 348 
5 391 
5 398 
6 8 
6 10 
6 13 
6 18 
6 19 
6 20 
6 23 
6 24 
6 26 
6 27 
6 28 
6 39 
6 41 
6 42 
6 43 
6 47 
6 48 
6 49 
6 51 
6 53 
6 57 
6 60 
6 62 
6 65 
6 67 
6 68 
6 70 
6 76 
6 79 
6 80 
6 83 
6 84 
6 87 
6 92 
6 93 
6 94 
6 98 
6 135 
6 186 
6 224 
6 253 
6 256 
6 301 
6 303 
6 324 
6 353 
6 395 
7 8 
7 9 
7 12 
7 14 
7 16 
7 17 
7 18 
7 22 
7 26 
7 29 
7 31 
7 34 
7 37 
7 38 
7 40 
7 42 
7 43 
7 46 
7 48 
7 49 
7 52 
7 57 
7 59 
7 61 
7 63 
7 66 
7 67 
7 69 
7 75 
7 79 
7 84 
7 85 
7 86 
7 87 
7 88 
7 89 
7 90 
7 94 
7 95 
7 96 
7 97 
7 98 
7 99 
7 125 
7 277 
7 280 
7 303 
8 12 
8 14 
8 18 
8 21 
8 23 
8 25 
8 30 
8 33 
8 38 
8 40 
8 42 
8 49 
8 52 
8 54 
8 55 
8 61 
8 62 
8 63 
8 64 
8 65 
8 66 
8 67 
8 69 
8 71 
8 72 
8 75 
8 76 
8 77 
8 78 
8 83 
8 85 
8 86 
8 87 
8 96 
8 97 
8 98 
8 99 
8 111 
8 112 
8 160 
8 174 
8 177 
8 179 
8 200 
8 230 
8 327 
8 334 
8 377 
9 12 
9 13 
9 17 
9 18 
9 19 
9 22 
9 23 
9 24 
9 28 
9 36 
9 37 
9 38 
9 39 
9 48 
9 50 
9 51 
9 52 
9 53 
9 60 
9 61 
9 62 
9 66 
9 67 
9 70 
9 73 
9 74 
9 80 
9 82 
9 84 
9 85 
9 86 
9 91 
9 92 
9 93 
9 94 
9 96 
9 97 
9 108 
9 154 
9 239 
9 287 
9 320 
9 322 
9 332 
9 343 
9 381 
9 390 
10 21 
10 22 
10 24 
10 25 
10 29 
10 30 
10 32 
10 37 
10 38 
10 41 
10 44 
10 48 
10 49 
10 50 
10 51 
10 52 
10 57 
10 59 
10 63 
10 64 
10 66 
10 67 
10 74 
10 75 
10 78 
10 81 
10 82 
10 90 
10 91 
10 92 
10 98 
10 99 
10 131 
10 146 
10 161 
10 184 
10 250 
10 256 
10 263 
10 300 
10 319 
10 341 
10 366 
10 391 
11 13 
11 14 
11 16 
11 17 
11 22 
11 23 
11 26 
11 27 
11 29 
11 32 
11 34 
11 38 
11 40 
11 43 
11 45 
11 46 
11 47 
11 48 
11 49 
11 50 
11 52 
11 55 
11 56 
11 57 
11 60 
11 63 
11 65 
11 67 
11 73 
11 75 
11 76 
11 78 
11 86 
11 88 
11 89 
11 92 
11 94 
11 99 
11 117 
11 123 
11 140 
11 143 
11 148 
11 202 
11 212 
11 227 
11 230 
11 265 
11 332 
11 366 
12 17 
12 20 
12 21 
12 23 
12 24 
12 28 
12 31 
12 32 
12 35 
12 39 
12 42 
12 43 
12 45 
12 46 
12 51 
12 52 
12 54 
12 55 
12 56 
12 57 
12 58 
12 59 
12 60 
12 63 
12 66 
12 68 
12 70 
12 72 
12 74 
12 76 
12 78 
12 81 
12 84 
12 86 
12 87 
12 88 
12 98 
12 99 
12 106 
12 160 
12 205 
12 213 
12 222 
12 241 
12 265 
12 274 
12 310 
12 313 
12 328 
12 330 
12 338 
12 380 
12 398 
13 15 
13 16 
13 17 
13 20 
13 21 
13 23 
13 24 
13 25 
13 28 
13 31 
13 34 
13 35 
13 36 
13 41 
13 42 
13 44 
13 46 
13 47 
13 48 
13 49 
13 50 
13 56 
13 59 
13 60 
13 63 
13 64 
13 69 
13 70 
13 72 
13 74 
13 75 
13 79 
13 87 
13 89 
13 90 
13 104 
13 129 
13 148 
13 203 
13 204 
13 229 
13 254 
13 257 
13 258 
13 279 
13 300 
13 316 
13 323 
13 367 
13 376 
13 394 
14 21 
14 23 
14 27 
14 28 
14 31 
14 36 
14 39 
14 43 
14 45 
14 46 
14 48 
14 50 
14 52 
14 53 
14 54 
14 55 
14 58 
14 59 
14 65 
14 68 
14 69 
14 72 
14 73 
14 76 
14 79 
14 80 
14 81 
14 82 
14 84 
14 91 
14 92 
14 93 
14 94 
14 97 
14 130 
14 176 
14 194 
14 224 
14 228 
14 240 
14 302 
14 335 
14 388 
14 389 
14 393 
15 24 
15 25 
15 28 
15 29 
15 30 
15 31 
15 35 
15 37 
15 39 
15 40 
15 43 
15 48 
15 49 
15 56 
15 59 
15 62 
15 67 
15 68 
15 69 
15 71 
15 72 
15 73 
15 74 
15 75 
15 78 
15 79 
15 80 
15 84 
15 86 
15 87 
15 88 
15 89 
15 91 
15 93 
15 96 
15 140 
15 145 
15 157 
15 222 
15 224 
15 232 
15 234 
15 268 
15 277 
15 285 
15 296 
15 301 
15 310 
15 330 
15 340 
15 386 
16 17 
16 19 
16 20 
16 27 
16 35 
16 36 
16 37 
16 38 
16 39 
16 46 
16 51 
16 53 
16 56 
16 60 
16 62 
16 63 
16 65 
16 71 
16 74 
16 75 
16 77 
16 80 
16 83 
16 92 
16 93 
16 94 
16 95 
16 96 
16 97 
16 98 
16 99 
16 135 
16 163 
16 257 
16 261 
16 282 
16 290 
16 324 
16 340 
16 363 
16 394 
17 19 
17 25 
17 30 
17 33 
17 34 
17 36 
17 37 
17 44 
17 51 
17 54 
17 56 
17 58 
17 59 
17 60 
17 63 
17 65 
17 72 
17 75 
17 76 
17 78 
17 82 
17 84 
17 85 
17 88 
17 90 
17 91 
17 94 
17 99 
17 105 
17 112 
17 129 
17 139 
17 143 
17 149 
17 177 
17 206 
17 265 
17 298 
17 313 
17 322 
17 370 
17 375 
17 385 
18 20 
18 22 
18 26 
18 31 
18 32 
18 33 
18 35 
18 39 
18 41 
18 45 
18 46 
18 48 
18 49 
18 51 
18 53 
18 61 
18 62 
18 65 
18 66 
18 68 
18 69 
18 71 
18 72 
18 75 
18 76 
18 77 
18 79 
18 84 
18 85 
18 88 
18 94 
18 97 
18 98 
18 138 
18 142 
18 151 
18 226 
18 305 
18 342 
18 344 
18 364 
18 369 
19 23 
19 25 
19 26 
19 27 
19 29 
19 36 
19 38 
19 39 
19 41 
19 42 
19 43 
19 49 
19 53 
19 54 
19 55 
19 56 
19 58 
19 60 
19 61 
19 62 
19 64 
19 65 
19 66 
19 70 
19 74 
19 75 
19 76 
19 77 
19 79 
19 81 
19 83 
19 87 
19 89 
19 91 
19 93 
19 94 
19 99 
19 265 
19 333 
19 368 
19 370 
20 21 
20 24 
20 25 
20 26 
20 27 
20 32 
20 34 
20 36 
20 38 
20 44 
20 48 
20 51 
20 53 
20 54 
20 55 
20 58 
20 59 
20 60 
20 61 
20 62 
20 64 
20 66 
20 67 
20 70 
20 72 
20 75 
20 78 
20 81 
20 82 
20 84 
20 85 
20 90 
20 91 
20 92 
20 93 
20 95 
20 96 
20 97 
20 113 
20 149 
20 156 
20 169 
20 181 
20 211 
20 310 
21 25 
21 27 
21 28 
21 39 
21 40 
21 43 
21 47 
21 50 
21 52 
21 53 
21 54 
21 61 
21 64 
21 68 
21 72 
21 74 
21 75 
21 81 
21 82 
21 83 
21 85 
21 86 
21 90 
21 92 
21 94 
21 96 
21 102 
21 105 
21 139 
21 158 
21 159 
21 161 
21 174 
21 266 
21 284 
21 298 
21 347 
21 348 
21 382 
21 390 
21 398 
22 27 
22 28 
22 29 
22 31 
22 34 
22 35 
22 36 
22 37 
22 41 
22 42 
22 43 
22 44 
22 49 
22 50 
22 51 
22 58 
22 62 
22 64 
22 66 
22 70 
22 74 
22 76 
22 78 
22 81 
22 83 
22 84 
22 86 
22 89 
22 93 
22 94 
22 96 
22 99 
22 101 
22 126 
22 151 
22 243 
22 281 
22 302 
22 338 
22 350 
22 358 
22 374 
22 390 
22 395 
23 24 
23 26 
23 28 
23 29 
23 31 
23 32 
23 33 
23 34 
23 37 
23 40 
23 44 
23 48 
23 49 
23 51 
23 54 
23 56 
23 59 
23 61 
23 63 
23 65 
23 70 
23 71 
23 76 
23 79 
23 81 
23 83 
23 84 
23 85 
23 86 
23 87 
23 88 
23 93 
23 97 
23 115 
23 124 
23 193 
23 218 
23 221 
23 261 
23 273 
23 291 
23 304 
23 318 
23 383 
24 25 
24 32 
24 33 
24 34 
24 38 
24 39 
24 41 
24 45 
24 47 
24 48 
24 52 
24 56 
24 59 
24 66 
24 69 
24 70 
24 71 
24 77 
24 78 
24 80 
24 81 
24 82 
24 84 
24 86 
24 87 
24 88 
24 91 
24 118 
24 122 
24 142 
24 179 
24 194 
24 205 
24 218 
24 237 
24 277 
24 287 
24 360 
24 379 
24 395 
25 30 
25 31 
25 32 
25 37 
25 38 
25 39 
25 42 
25 44 
25 46 
25 49 
25 50 
25 57 
25 60 
25 64 
25 69 
25 71 
25 73 
25 75 
25 77 
25 82 
25 83 
25 85 
25 87 
25 91 
25 93 
25 98 
25 99 
25 127 
25 146 
25 180 
25 185 
25 198 
25 205 
25 234 
25 278 
25 296 
25 325 
25 346 
25 369 
25 386 
26 29 
26 30 
26 35 
26 37 
26 39 
26 41 
26 43 
26 44 
26 46 
26 48 
26 56 
26 59 
26 60 
26 61 
26 64 
26 69 
26 70 
26 72 
26 73 
26 77 
26 78 
26 80 
26 85 
26 87 
26 88 
26 89 
26 93 
26 95 
26 97 
26 147 
26 171 
26 184 
26 195 
26 276 
26 280 
26 320 
26 323 
26 327 
26 356 
26 360 
26 362 
27 29 
27 30 
27 32 
27 33 
27 37 
27 42 
27 44 
27 45 
27 46 
27 53 
27 54 
27 66 
27 68 
27 69 
27 71 
27 72 
27 73 
27 76 
27 78 
27 84 
27 85 
27 88 
27 90 
27 92 
27 94 
27 96 
27 98 
27 99 
27 111 
27 119 
27 148 
27 155 
27 169 
27 219 
27 241 
27 248 
27 271 
27 280 
27 357 
28 30 
28 33 
28 36 
28 38 
28 42 
28 45 
28 48 
28 49 
28 57 
28 63 
28 64 
28 66 
28 67 
28 68 
28 69 
28 71 
28 75 
28 79 
28 80 
28 82 
28 84 
28 87 
28 88 
28 91 
28 92 
28 98 
28 100 
28 172 
28 198 
28 238 
28 243 
28 263 
28 287 
28 292 
28 310 
28 321 
28 355 
29 30 
29 31 
29 33 
29 35 
29 36 
29 38 
29 42 
29 43 
29 49 
29 50 
29 52 
29 56 
29 61 
29 65 
29 66 
29 67 
29 71 
29 72 
29 74 
29 82 
29 84 
29 88 
29 91 
29 92 
29 94 
29 95 
29 96 
29 98 
29 118 
29 209 
29 216 
29 220 
29 222 
29 235 
29 260 
29 289 
29 349 
29 371 
29 396 
29 398 
30 32 
30 33 
30 38 
30 43 
30 47 
30 48 
30 52 
30 58 
30 59 
30 60 
30 61 
30 67 
30 68 
30 71 
30 72 
30 74 
30 76 
30 77 
30 78 
30 83 
30 84 
30 85 
30 86 
30 87 
30 88 
30 89 
30 91 
30 96 
30 99 
30 169 
30 183 
30 198 
30 213 
30 220 
30 224 
30 256 
30 263 
30 267 
30 283 
30 312 
30 331 
30 348 
30 350 
30 364 
30 372 
30 375 
30 395 
31 36 
31 38 
31 39 
31 47 
31 49 
31 54 
31 55 
31 56 
31 62 
31 63 
31 69 
31 71 
31 72 
31 73 
31 76 
31 77 
31 78 
31 84 
31 86 
31 88 
31 89 
31 90 
31 92 
31 93 
31 94 
31 97 
31 107 
31 173 
31 239 
31 267 
31 291 
31 294 
31 315 
32 33 
32 34 
32 36 
32 37 
32 42 
32 43 
32 49 
32 52 
32 54 
32 55 
32 57 
32 58 
32 59 
32 60 
32 62 
32 63 
32 64 
32 74 
32 75 
32 77 
32 78 
32 84 
32 92 
32 93 
32 161 
32 185 
32 218 
32 221 
32 227 
32 289 
32 320 
32 323 
32 384 
32 388 
33 34 
33 36 
33 38 
33 40 
33 42 
33 43 
33 47 
33 49 
33 51 
33 54 
33 58 
33 59 
33 60 
33 61 
33 63 
33 64 
33 65 
33 66 
33 67 
33 68 
33 70 
33 73 
33 74 
33 76 
33 78 
33 79 
33 81 
33 87 
33 92 
33 94 
33 98 
33 107 
33 124 
33 137 
33 139 
33 156 
33 159 
33 236 
33 243 
33 246 
33 265 
33 314 
33 325 
34 36 
34 38 
34 40 
34 44 
34 48 
34 55 
34 58 
34 59 
34 60 
34 64 
34 68 
34 70 
34 76 
34 77 
34 78 
34 84 
34 85 
34 87 
34 90 
34 92 
34 94 
34 97 
34 98 
34 99 
34 126 
34 198 
34 242 
34 262 
34 285 
34 289 
34 310 
34 316 
34 328 
34 338 
34 344 
35 36 
35 38 
35 39 
35 40 
35 41 
35 46 
35 47 
35 50 
35 52 
35 53 
35 58 
35 60 
35 61 
35 62 
35 63 
35 64 
35 68 
35 70 
35 78 
35 85 
35 88 
35 92 
35 94 
35 96 
35 97 
35 99 
35 104 
35 143 
35 200 
35 217 
35 276 
35 292 
35 294 
35 311 
35 318 
35 351 
35 361 
35 368 
36 38 
36 39 
36 41 
36 42 
36 45 
36 52 
36 62 
36 63 
36 64 
36 69 
36 72 
36 73 
36 79 
36 80 
36 85 
36 89 
36 90 
36 92 
36 93 
36 95 
36 96 
36 97 
36 98 
36 156 
36 165 
36 177 
36 206 
36 310 
36 311 
36 320 
36 331 
36 335 
36 384 
37 39 
37 42 
37 50 
37 54 
37 55 
37 58 
37 59 
37 60 
37 64 
37 65 
37 74 
37 75 
37 76 
37 79 
37 81 
37 84 
37 86 
37 88 
37 90 
37 97 
37 99 
37 106 
37 125 
37 152 
37 156 
37 169 
37 171 
37 191 
37 192 
37 196 
37 230 
37 254 
37 264 
37 287 
37 306 
37 341 
37 371 
37 384 
38 39 
38 42 
38 43 
38 45 
38 46 
38 48 
38 50 
38 53 
38 54 
38 55 
38 56 
38 57 
38 59 
38 60 
38 62 
38 64 
38 65 
38 66 
38 67 
38 68 
38 69 
38 71 
38 74 
38 75 
38 81 
38 87 
38 89 
38 91 
38 92 
38 93 
38 95 
38 97 
38 98 
38 123 
38 151 
38 157 
38 159 
38 212 
38 281 
38 289 
38 305 
38 395 
39 41 
39 43 
39 45 
39 48 
39 49 
39 53 
39 57 
39 58 
39 59 
39 62 
39 63 
39 65 
39 66 
39 67 
39 68 
39 70 
39 71 
39 73 
39 75 
39 77 
39 80 
39 82 
39 83 
39 84 
39 85 
39 86 
39 92 
39 95 
39 96 
39 135 
39 174 
39 199 
39 217 
39 256 
39 332 
39 373 
39 395 
39 399 
40 42 
40 46 
40 50 
40 52 
40 55 
40 57 
40 59 
40 60 
40 61 
40 63 
40 64 
40 65 
40 69 
40 70 
40 72 
40 73 
40 75 
40 77 
40 80 
40 83 
40 84 
40 85 
40 90 
40 92 
40 96 
40 98 
40 99 
40 139 
40 144 
40 198 
40 257 
40 355 
40 369 
40 376 
40 397 
41 42 
41 44 
41 45 
41 46 
41 47 
41 48 
41 50 
41 51 
41 54 
41 60 
41 61 
41 64 
41 65 
41 68 
41 69 
41 81 
41 85 
41 86 
41 88 
41 89 
41 90 
41 93 
41 94 
41 97 
41 101 
41 107 
41 108 
41 129 
41 158 
41 183 
41 197 
41 201 
41 229 
41 263 
41 274 
41 282 
41 346 
41 359 
41 369 
42 46 
42 47 
42 48 
42 50 
42 53 
42 54 
42 56 
42 57 
42 64 
42 66 
42 67 
42 72 
42 73 
42 78 
42 81 
42 82 
42 83 
42 84 
42 88 
42 89 
42 90 
42 96 
42 98 
42 132 
42 163 
42 251 
42 295 
42 320 
42 321 
42 324 
42 330 
42 369 
42 399 
43 51 
43 59 
43 62 
43 63 
43 64 
43 65 
43 67 
43 69 
43 70 
43 72 
43 75 
43 80 
43 83 
43 85 
43 96 
43 97 
43 98 
43 99 
43 146 
43 174 
43 183 
43 245 
43 279 
43 288 
44 47 
44 52 
44 54 
44 55 
44 56 
44 59 
44 60 
44 61 
44 62 
44 63 
44 64 
44 66 
44 68 
44 74 
44 79 
44 80 
44 81 
44 83 
44 86 
44 93 
44 95 
44 97 
44 98 
44 99 
44 105 
44 198 
44 209 
44 266 
44 327 
44 338 
45 47 
45 50 
45 53 
45 60 
45 61 
45 64 
45 68 
45 69 
45 72 
45 74 
45 75 
45 77 
45 81 
45 82 
45 85 
45 87 
45 88 
45 90 
45 92 
45 94 
45 95 
45 97 
45 98 
45 158 
45 168 
45 238 
45 242 
45 244 
45 252 
45 256 
45 307 
45 315 
45 316 
45 320 
45 373 
45 388 
45 396 
46 49 
46 50 
46 55 
46 56 
46 59 
46 63 
46 68 
46 69 
46 71 
46 72 
46 74 
46 75 
46 78 
46 81 
46 82 
46 84 
46 90 
46 91 
46 94 
46 95 
46 98 
46 99 
46 112 
46 131 
46 152 
46 163 
46 347 
46 350 
46 363 
46 378 
46 398 
47 49 
47 51 
47 53 
47 55 
47 56 
47 61 
47 64 
47 65 
47 66 
47 67 
47 69 
47 72 
47 73 
47 74 
47 75 
47 78 
47 79 
47 80 
47 81 
47 82 
47 84 
47 86 
47 91 
47 92 
47 94 
47 96 
47 97 
47 98 
47 106 
47 150 
47 174 
47 183 
47 188 
47 191 
47 217 
47 242 
47 267 
47 271 
47 272 
47 276 
47 280 
47 289 
47 310 
47 314 
47 360 
47 374 
48 51 
48 56 
48 57 
48 59 
48 60 
48 63 
48 65 
48 66 
48 68 
48 69 
48 72 
48 73 
48 75 
48 76 
48 77 
48 79 
48 85 
48 88 
48 91 
48 96 
48 97 
48 98 
48 212 
48 240 
48 241 
48 244 
48 253 
48 311 
48 327 
48 394 
49 51 
49 52 
49 58 
49 63 
49 64 
49 66 
49 70 
49 75 
49 76 
49 79 
49 80 
49 82 
49 84 
49 85 
49 86 
49 87 
49 91 
49 93 
49 94 
49 129 
49 133 
49 191 
49 247 
49 263 
49 334 
50 53 
50 54 
50 61 
50 62 
50 66 
50 69 
50 72 
50 73 
50 74 
50 78 
50 82 
50 84 
50 87 
50 91 
50 94 
50 95 
50 96 
50 99 
50 107 
50 125 
50 153 
50 156 
50 218 
50 226 
50 244 
50 261 
50 263 
50 266 
50 269 
50 311 
50 366 
50 368 
50 373 
51 52 
51 55 
51 56 
51 57 
51 59 
51 60 
51 61 
51 64 
51 65 
51 67 
51 77 
51 78 
51 82 
51 83 
51 85 
51 87 
51 89 
51 92 
51 93 
51 98 
51 99 
51 111 
51 177 
51 219 
51 276 
51 296 
51 313 
51 361 
51 383 
52 55 
52 60 
52 62 
52 64 
52 67 
52 69 
52 76 
52 80 
52 81 
52 86 
52 87 
52 92 
52 94 
52 95 
52 97 
52 110 
52 166 
52 168 
52 218 
52 222 
52 253 
52 255 
52 256 
52 317 
52 351 
52 364 
53 57 
53 58 
53 60 
53 66 
53 70 
53 72 
53 73 
53 75 
53 79 
53 81 
53 82 
53 86 
53 87 
53 88 
53 91 
53 92 
53 96 
53 97 
53 98 
53 100 
53 102 
53 151 
53 165 
53 194 
53 222 
53 239 
53 259 
53 263 
54 57 
54 61 
54 63 
54 65 
54 66 
54 70 
54 72 
54 73 
54 74 
54 76 
54 77 
54 79 
54 81 
54 85 
54 89 
54 91 
54 94 
54 98 
54 113 
54 115 
54 143 
54 158 
54 171 
54 174 
54 189 
54 221 
54 263 
54 274 
54 290 
54 293 
54 296 
54 307 
54 325 
54 336 
54 343 
54 351 
54 363 
54 377 
55 58 
55 62 
55 63 
55 67 
55 68 
55 69 
55 70 
55 71 
55 74 
55 75 
55 77 
55 80 
55 81 
55 86 
55 93 
55 96 
55 97 
55 99 
55 100 
55 176 
55 258 
55 260 
55 266 
55 273 
55 297 
55 329 
55 336 
55 368 
55 372 
55 398 
55 399 
56 58 
56 65 
56 66 
56 68 
56 69 
56 74 
56 75 
56 77 
56 78 
56 81 
56 82 
56 85 
56 86 
56 87 
56 90 
56 91 
56 94 
56 99 
56 121 
56 136 
56 169 
56 198 
56 223 
56 226 
56 233 
56 334 
56 345 
56 368 
57 60 
57 61 
57 63 
57 67 
57 69 
57 73 
57 74 
57 77 
57 80 
57 81 
57 85 
57 88 
57 89 
57 91 
57 95 
57 96 
57 98 
57 99 
57 104 
57 106 
57 125 
57 156 
57 172 
57 213 
57 229 
57 257 
57 283 
57 310 
57 319 
57 335 
57 350 
57 352 
57 360 
57 362 
57 367 
57 399 
58 59 
58 61 
58 64 
58 67 
58 71 
58 72 
58 73 
58 74 
58 75 
58 76 
58 80 
58 82 
58 83 
58 85 
58 88 
58 93 
58 108 
58 136 
58 139 
58 148 
58 187 
58 213 
58 304 
58 309 
58 324 
58 327 
58 333 
58 341 
58 347 
58 348 
59 63 
59 64 
59 65 
59 67 
59 68 
59 69 
59 71 
59 74 
59 75 
59 77 
59 78 
59 79 
59 80 
59 81 
59 88 
59 94 
59 98 
59 122 
59 136 
59 142 
59 153 
59 229 
59 235 
59 238 
59 255 
59 275 
59 291 
59 292 
59 318 
59 378 
59 391 
60 62 
60 67 
60 73 
60 75 
60 76 
60 79 
60 80 
60 81 
60 86 
60 88 
60 89 
60 90 
60 92 
60 98 
60 99 
60 117 
60 183 
60 185 
60 215 
60 227 
60 253 
60 269 
60 270 
60 281 
60 285 
60 312 
60 336 
60 353 
60 360 
61 62 
61 65 
61 67 
61 68 
61 69 
61 70 
61 71 
61 79 
61 81 
61 83 
61 85 
61 86 
61 88 
61 96 
61 127 
61 192 
61 226 
61 292 
61 338 
62 63 
62 64 
62 66 
62 69 
62 70 
62 73 
62 78 
62 81 
62 83 
62 84 
62 85 
62 88 
62 90 
62 91 
62 92 
62 94 
62 98 
62 105 
62 121 
62 122 
62 137 
62 154 
62 193 
62 195 
62 214 
62 236 
62 245 
62 264 
62 282 
62 294 
62 323 
62 325 
62 345 
62 399 
63 67 
63 71 
63 74 
63 75 
63 78 
63 82 
63 85 
63 88 
63 95 
63 97 
63 99 
63 132 
63 148 
63 169 
63 194 
63 241 
63 271 
63 313 
63 325 
63 345 
63 370 
63 374 
64 67 
64 68 
64 70 
64 73 
64 79 
64 80 
64 81 
64 83 
64 84 
64 90 
64 91 
64 93 
64 96 
64 128 
64 149 
64 157 
64 172 
64 196 
64 208 
64 259 
64 267 
64 349 
64 363 
65 68 
65 69 
65 71 
65 73 
65 74 
65 77 
65 80 
65 81 
65 83 
65 84 
65 87 
65 94 
65 96 
65 98 
65 129 
65 145 
65 154 
65 183 
65 185 
65 197 
65 310 
65 325 
65 394 
65 399 
66 71 
66 74 
66 76 
66 77 
66 78 
66 80 
66 83 
66 84 
66 86 
66 88 
66 90 
66 94 
66 96 
66 98 
66 99 
66 103 
66 252 
66 262 
66 274 
66 311 
66 366 
67 68 
67 69 
67 70 
67 71 
67 72 
67 76 
67 77 
67 82 
67 88 
67 91 
67 94 
67 95 
67 96 
67 97 
67 98 
67 103 
67 114 
67 127 
67 151 
67 188 
67 263 
67 275 
67 292 
67 293 
67 364 
67 385 
67 387 
68 69 
68 73 
68 74 
68 76 
68 78 
68 84 
68 86 
68 87 
68 88 
68 90 
68 91 
68 92 
68 93 
68 96 
68 97 
68 113 
68 138 
68 171 
68 199 
68 201 
68 251 
68 288 
68 328 
68 329 
68 333 
68 355 
69 71 
69 73 
69 77 
69 80 
69 82 
69 83 
69 84 
69 89 
69 95 
69 96 
69 98 
69 99 
69 107 
69 183 
69 190 
69 250 
69 348 
69 382 
70 73 
70 74 
70 77 
70 80 
70 83 
70 85 
70 99 
70 102 
70 133 
70 140 
70 160 
70 169 
70 204 
70 205 
70 241 
70 256 
70 265 
70 270 
70 281 
70 321 
70 322 
70 326 
70 354 
70 356 
70 366 
70 378 
70 386 
71 74 
71 76 
71 77 
71 79 
71 87 
71 96 
71 97 
71 99 
71 111 
71 128 
71 145 
71 160 
71 189 
71 191 
71 317 
71 334 
71 343 
71 360 
71 390 
72 74 
72 78 
72 81 
72 82 
72 86 
72 88 
72 89 
72 90 
72 92 
72 95 
72 96 
72 99 
72 255 
72 274 
72 290 
72 295 
72 296 
72 301 
72 304 
72 361 
72 388 
73 74 
73 80 
73 81 
73 82 
73 83 
73 87 
73 88 
73 89 
73 91 
73 97 
73 99 
73 123 
73 130 
73 186 
73 252 
73 265 
73 278 
73 301 
73 386 
74 75 
74 76 
74 77 
74 78 
74 82 
74 85 
74 87 
74 91 
74 92 
74 93 
74 95 
74 96 
74 99 
74 129 
74 131 
74 137 
74 154 
74 178 
74 199 
74 213 
74 244 
74 245 
74 253 
74 280 
74 321 
74 334 
74 351 
74 399 
75 78 
75 83 
75 84 
75 85 
75 87 
75 91 
75 92 
75 93 
75 94 
75 95 
75 97 
75 98 
75 164 
75 166 
75 232 
75 233 
75 236 
75 264 
75 282 
75 293 
75 296 
75 309 
75 323 
75 367 
75 386 
75 397 
76 78 
76 79 
76 80 
76 81 
76 82 
76 83 
76 84 
76 85 
76 88 
76 95 
76 97 
76 98 
76 140 
76 182 
76 190 
76 252 
76 296 
76 308 
76 309 
76 320 
76 322 
76 366 
76 368 
76 373 
76 385 
76 394 
77 80 
77 83 
77 87 
77 88 
77 93 
77 94 
77 95 
77 96 
77 98 
77 99 
77 146 
77 154 
77 166 
77 190 
77 234 
77 243 
77 267 
77 287 
77 316 
77 398 
78 79 
78 83 
78 86 
78 87 
78 90 
78 98 
78 110 
78 120 
78 143 
78 152 
78 175 
78 191 
78 258 
78 285 
78 307 
78 309 
78 353 
78 396 
79 90 
79 91 
79 92 
79 93 
79 95 
79 96 
79 97 
79 99 
79 102 
79 121 
79 134 
79 156 
79 173 
79 175 
79 258 
79 299 
79 318 
80 85 
80 87 
80 89 
80 92 
80 94 
80 102 
80 128 
80 180 
80 183 
80 194 
80 255 
80 264 
80 280 
80 321 
80 335 
80 356 
81 84 
81 91 
81 95 
81 96 
81 128 
81 130 
81 162 
81 195 
81 252 
81 254 
81 265 
81 287 
81 301 
81 315 
81 379 
81 382 
81 385 
81 386 
82 87 
82 92 
82 93 
82 95 
82 97 
82 115 
82 121 
82 148 
82 175 
82 185 
82 190 
82 221 
82 229 
82 268 
82 299 
82 308 
82 314 
82 382 
82 391 
83 84 
83 85 
83 86 
83 88 
83 90 
83 91 
83 92 
83 95 
83 96 
83 98 
83 114 
83 119 
83 145 
83 157 
83 195 
83 213 
83 226 
83 229 
83 251 
83 268 
83 285 
83 287 
83 296 
83 320 
83 321 
83 322 
84 85 
84 90 
84 91 
84 92 
84 94 
84 95 
84 97 
84 99 
84 119 
84 128 
84 135 
84 151 
84 171 
84 193 
84 240 
84 253 
84 259 
84 263 
84 264 
84 272 
84 312 
84 323 
84 350 
85 86 
85 87 
85 90 
85 91 
85 93 
85 94 
85 97 
85 99 
85 155 
85 170 
85 244 
85 274 
85 276 
85 285 
85 391 
85 393 
86 90 
86 99 
86 131 
86 169 
86 181 
86 228 
86 232 
86 245 
86 287 
86 292 
86 307 
86 321 
86 325 
86 330 
86 350 
86 372 
87 88 
87 95 
87 97 
87 100 
87 120 
87 124 
87 149 
87 153 
87 181 
87 238 
87 246 
87 249 
87 314 
87 319 
87 326 
87 366 
87 374 
87 389 
87 398 
88 90 
88 137 
88 160 
88 170 
88 174 
88 200 
88 203 
88 215 
88 232 
88 253 
88 266 
88 270 
88 329 
88 337 
88 375 
88 389 
89 90 
89 91 
89 93 
89 94 
89 97 
89 98 
89 99 
89 101 
89 106 
89 140 
89 145 
89 182 
89 224 
89 247 
89 273 
89 347 
89 374 
90 92 
90 97 
90 98 
90 157 
90 183 
90 214 
90 217 
90 241 
90 300 
90 344 
90 350 
90 372 
90 387 
91 92 
91 97 
91 98 
91 99 
91 127 
91 131 
91 149 
91 169 
91 207 
91 212 
91 274 
91 336 
91 341 
91 346 
91 389 
91 396 
92 93 
92 96 
92 99 
92 102 
92 141 
92 169 
92 176 
92 183 
92 200 
92 240 
92 301 
92 318 
92 337 
92 373 
93 107 
93 128 
93 254 
93 278 
93 302 
93 360 
94 98 
94 167 
94 239 
94 242 
94 244 
94 259 
94 266 
94 271 
94 277 
94 299 
94 325 
94 356 
94 363 
95 96 
95 134 
95 147 
95 193 
95 221 
95 240 
95 252 
95 271 
95 294 
95 299 
95 349 
95 350 
95 351 
95 393 
95 399 
96 98 
96 104 
96 112 
96 163 
96 187 
96 222 
96 298 
96 321 
96 323 
96 342 
96 360 
96 376 
96 393 
97 99 
97 101 
97 110 
97 161 
97 177 
97 178 
97 179 
97 222 
97 252 
97 254 
97 256 
97 289 
97 315 
98 128 
98 139 
98 205 
98 266 
98 312 
98 315 
99 111 
99 124 
99 223 
99 224 
99 260 
99 271 
99 282 
99 314 
99 372 
99 377 
99 388 
99 392 
100 101 
100 102 
100 103 
100 104 
100 107 
100 110 
100 114 
100 115 
100 124 
100 125 
100 126 
100 131 
100 133 
100 135 
100 137 
100 139 
100 140 
100 142 
100 143 
100 144 
100 147 
100 154 
100 155 
100 158 
100 161 
100 162 
100 163 
100 165 
100 170 
100 172 
100 175 
100 187 
100 188 
100 189 
100 196 
100 207 
100 242 
100 272 
100 274 
100 280 
100 287 
100 308 
100 353 
100 374 
100 395 
101 102 
101 106 
101 107 
101 108 
101 110 
101 111 
101 112 
101 113 
101 117 
101 118 
101 120 
101 124 
101 125 
101 127 
101 128 
101 131 
101 132 
101 133 
101 136 
101 138 
101 145 
101 146 
101 151 
101 152 
101 153 
101 155 
101 159 
101 161 
101 162 
101 165 
101 169 
101 171 
101 173 
101 177 
101 178 
101 183 
101 184 
101 185 
101 189 
101 190 
101 192 
101 194 
101 197 
101 257 
101 273 
101 307 
101 333 
101 351 
101 366 
101 368 
101 374 
101 387 
101 393 
102 104 
102 114 
102 119 
102 120 
102 121 
102 126 
102 130 
102 136 
102 137 
102 138 
102 141 
102 142 
102 143 
102 151 
102 153 
102 157 
102 159 
102 163 
102 164 
102 167 
102 168 
102 169 
102 178 
102 179 
102 181 
102 182 
102 187 
102 191 
102 192 
102 197 
102 199 
102 213 
102 231 
102 268 
102 272 
102 289 
102 299 
102 304 
102 317 
102 339 
102 350 
102 365 
102 388 
103 105 
103 106 
103 108 
103 110 
103 114 
103 115 
103 117 
103 118 
103 119 
103 120 
103 122 
103 124 
103 129 
103 131 
103 135 
103 138 
103 139 
103 140 
103 143 
103 144 
103 146 
103 147 
103 148 
103 149 
103 152 
103 155 
103 159 
103 161 
103 162 
103 166 
103 167 
103 170 
103 175 
103 179 
103 181 
103 184 
103 187 
103 188 
103 190 
103 193 
103 235 
103 252 
103 267 
103 293 
103 296 
103 318 
103 334 
103 339 
103 345 
103 360 
103 361 
104 107 
104 109 
104 115 
104 118 
104 120 
104 121 
104 124 
104 126 
104 128 
104 131 
104 132 
104 134 
104 135 
104 139 
104 140 
104 143 
104 144 
104 145 
104 146 
104 147 
104 148 
104 149 
104 150 
104 154 
104 158 
104 160 
104 164 
104 165 
104 166 
104 169 
104 172 
104 174 
104 178 
104 179 
104 184 
104 186 
104 187 
104 188 
104 189 
104 191 
104 192 
104 193 
104 195 
104 197 
104 198 
104 199 
104 243 
104 252 
104 265 
104 302 
104 315 
104 334 
104 368 
104 370 
104 374 
104 392 
105 106 
105 108 
105 110 
105 114 
105 115 
105 116 
105 119 
105 121 
105 123 
105 125 
105 126 
105 127 
105 129 
105 131 
105 135 
105 140 
105 142 
105 148 
105 149 
105 153 
105 154 
105 157 
105 160 
105 165 
105 166 
105 170 
105 171 
105 173 
105 175 
105 177 
105 179 
105 180 
105 182 
105 184 
105 191 
105 192 
105 193 
105 194 
105 197 
105 233 
105 234 
105 288 
105 290 
105 306 
105 329 
105 339 
105 389 
106 107 
106 108 
106 114 
106 115 
106 116 
106 117 
106 121 
106 122 
106 124 
106 127 
106 131 
106 134 
106 135 
106 144 
106 150 
106 153 
106 163 
106 165 
106 166 
106 167 
106 169 
106 172 
106 174 
106 175 
106 178 
106 182 
106 184 
106 185 
106 191 
106 197 
106 198 
106 207 
106 209 
106 217 
106 222 
106 232 
106 286 
106 341 
106 354 
106 364 
107 109 
107 113 
107 116 
107 119 
107 120 
107 125 
107 128 
107 133 
107 135 
107 139 
107 143 
107 144 
107 146 
107 155 
107 158 
107 159 
107 163 
107 166 
107 167 
107 170 
107 172 
107 175 
107 178 
107 180 
107 184 
107 188 
107 192 
107 195 
107 198 
107 253 
107 278 
107 282 
107 314 
107 374 
107 393 
108 114 
108 119 
108 120 
108 124 
108 128 
108 129 
108 130 
108 133 
108 138 
108 143 
108 144 
108 145 
108 148 
108 150 
108 151 
108 152 
108 158 
108 161 
108 162 
108 167 
108 168 
108 173 
108 176 
108 177 
108 180 
108 182 
108 199 
108 234 
108 254 
108 278 
108 309 
108 319 
108 320 
108 330 
108 339 
108 342 
108 358 
108 371 
108 379 
108 388 
108 395 
109 110 
109 113 
109 115 
109 116 
109 119 
109 123 
109 129 
109 131 
109 132 
109 139 
109 140 
109 144 
109 147 
109 149 
109 150 
109 151 
109 154 
109 155 
109 157 
109 162 
109 165 
109 167 
109 168 
109 173 
109 178 
109 182 
109 186 
109 188 
109 191 
109 193 
109 275 
109 293 
109 297 
109 305 
109 310 
109 330 
109 364 
109 365 
109 377 
109 383 
110 111 
110 114 
110 115 
110 116 
110 119 
110 122 
110 123 
110 126 
110 129 
110 130 
110 134 
110 137 
110 138 
110 141 
110 142 
110 145 
110 146 
110 150 
110 155 
110 159 
110 160 
110 161 
110 162 
110 173 
110 179 
110 181 
110 182 
110 185 
110 186 
110 188 
110 191 
110 194 
110 195 
110 196 
110 197 
110 230 
110 241 
110 265 
110 269 
110 296 
110 334 
110 348 
110 351 
110 374 
111 113 
111 117 
111 120 
111 121 
111 122 
111 127 
111 128 
111 130 
111 131 
111 132 
111 135 
111 136 
111 137 
111 140 
111 145 
111 147 
111 148 
111 149 
111 150 
111 151 
111 159 
111 160 
111 161 
111 165 
111 167 
111 170 
111 172 
111 173 
111 174 
111 176 
111 178 
111 181 
111 184 
111 186 
111 188 
111 189 
111 195 
111 199 
111 206 
111 233 
111 234 
111 280 
111 304 
111 324 
111 342 
111 346 
112 113 
112 114 
112 115 
112 116 
112 120 
112 124 
112 125 
112 127 
112 132 
112 137 
112 141 
112 142 
112 144 
112 146 
112 149 
112 150 
112 151 
112 155 
112 158 
112 159 
112 163 
112 166 
112 167 
112 180 
112 182 
112 189 
112 190 
112 195 
112 211 
112 223 
112 233 
112 238 
112 277 
112 319 
113 114 
113 116 
113 120 
113 121 
113 123 
113 129 
113 136 
113 137 
113 151 
113 153 
113 158 
113 159 
113 160 
113 164 
113 165 
113 171 
113 173 
113 176 
113 178 
113 184 
113 185 
113 186 
113 187 
113 189 
113 190 
113 192 
113 288 
113 347 
113 371 
114 122 
114 124 
114 125 
114 131 
114 133 
114 136 
114 137 
114 140 
114 142 
114 145 
114 146 
114 147 
114 148 
114 149 
114 151 
114 154 
114 155 
114 157 
114 158 
114 159 
114 160 
114 163 
114 169 
114 170 
114 172 
114 175 
114 180 
114 182 
114 185 
114 189 
114 190 
114 191 
114 192 
114 196 
114 255 
114 258 
114 272 
114 291 
114 360 
115 116 
115 122 
115 124 
115 125 
115 128 
115 129 
115 130 
115 131 
115 135 
115 136 
115 137 
115 138 
115 142 
115 147 
115 148 
115 150 
115 152 
115 158 
115 159 
115 168 
115 169 
115 181 
115 185 
115 187 
115 192 
115 194 
115 195 
115 198 
115 199 
115 210 
115 248 
115 280 
115 301 
115 377 
116 121 
116 123 
116 124 
116 126 
116 127 
116 128 
116 134 
116 136 
116 137 
116 142 
116 146 
116 152 
116 153 
116 154 
116 157 
116 159 
116 161 
116 162 
116 163 
116 170 
116 178 
116 179 
116 180 
116 187 
116 188 
116 189 
116 191 
116 195 
116 198 
116 216 
116 234 
116 249 
116 272 
116 324 
116 330 
116 333 
116 343 
116 352 
116 365 
116 390 
117 118 
117 128 
117 131 
117 132 
117 136 
117 137 
117 139 
117 141 
117 143 
117 145 
117 146 
117 147 
117 148 
117 149 
117 155 
117 156 
117 159 
117 160 
117 161 
117 166 
117 170 
117 175 
117 179 
117 181 
117 183 
117 185 
117 186 
117 188 
117 189 
117 192 
117 195 
117 196 
117 200 
117 217 
117 223 
117 243 
117 244 
117 321 
117 359 
117 374 
117 399 
118 125 
118 126 
118 127 
118 131 
118 137 
118 140 
118 144 
118 151 
118 153 
118 157 
118 158 
118 161 
118 170 
118 171 
118 172 
118 175 
118 178 
118 181 
118 189 
118 193 
118 196 
118 202 
118 294 
118 303 
118 321 
118 369 
119 125 
119 128 
119 130 
119 131 
119 132 
119 137 
119 139 
119 147 
119 150 
119 153 
119 155 
119 164 
119 165 
119 167 
119 168 
119 172 
119 173 
119 174 
119 175 
119 176 
119 177 
119 182 
119 184 
119 185 
119 187 
119 188 
119 189 
119 190 
119 191 
119 194 
119 196 
119 201 
119 245 
119 248 
119 265 
119 360 
119 369 
119 373 
120 122 
120 123 
120 124 
120 125 
120 126 
120 127 
120 130 
120 135 
120 138 
120 139 
120 141 
120 144 
120 145 
120 146 
120 147 
120 148 
120 156 
120 157 
120 158 
120 165 
120 167 
120 169 
120 172 
120 173 
120 176 
120 177 
120 178 
120 182 
120 183 
120 186 
120 189 
120 192 
120 193 
120 199 
120 200 
120 210 
120 222 
120 276 
120 277 
120 282 
120 303 
120 314 
120 353 
120 376 
121 124 
121 125 
121 128 
121 130 
121 131 
121 133 
121 134 
121 135 
121 137 
121 139 
121 141 
121 142 
121 143 
121 144 
121 147 
121 151 
121 152 
121 156 
121 159 
121 164 
121 166 
121 167 
121 169 
121 170 
121 172 
121 175 
121 176 
121 177 
121 179 
121 180 
121 181 
121 182 
121 186 
121 188 
121 192 
121 193 
121 194 
121 195 
121 198 
121 199 
121 253 
121 259 
121 283 
121 299 
121 303 
121 343 
121 375 
121 398 
122 127 
122 129 
122 130 
122 131 
122 133 
122 134 
122 137 
122 139 
122 145 
122 148 
122 149 
122 151 
122 153 
122 155 
122 156 
122 158 
122 160 
122 164 
122 166 
122 167 
122 171 
122 173 
122 175 
122 177 
122 182 
122 184 
122 186 
122 187 
122 189 
122 190 
122 195 
122 242 
122 257 
122 304 
122 315 
122 341 
122 360 
122 390 
122 395 
123 128 
123 129 
123 131 
123 134 
123 135 
123 139 
123 141 
123 144 
123 145 
123 149 
123 153 
123 156 
123 158 
123 159 
123 160 
123 165 
123 169 
123 170 
123 171 
123 173 
123 174 
123 179 
123 183 
123 184 
123 187 
123 188 
123 191 
123 192 
123 198 
123 215 
123 220 
123 223 
123 224 
123 244 
123 259 
123 299 
123 335 
123 360 
123 368 
123 371 
123 399 
124 125 
124 128 
124 129 
124 133 
124 135 
124 137 
124 139 
124 144 
124 148 
124 150 
124 152 
124 154 
124 158 
124 161 
124 162 
124 165 
124 166 
124 168 
124 169 
124 170 
124 172 
124 174 
124 176 
124 178 
124 180 
124 182 
124 184 
124 187 
124 188 
124 190 
124 192 
124 195 
124 199 
124 234 
124 288 
124 289 
124 309 
124 326 
124 375 
125 126 
125 132 
125 133 
125 134 
125 136 
125 138 
125 141 
125 143 
125 145 
125 146 
125 147 
125 150 
125 152 
125 155 
125 156 
125 159 
125 160 
125 161 
125 163 
125 165 
125 172 
125 175 
125 176 
125 180 
125 181 
125 186 
125 188 
125 190 
125 191 
125 195 
125 198 
125 201 
125 226 
125 270 
125 285 
125 349 
125 368 
125 372 
125 380 
125 385 
126 128 
126 129 
126 130 
126 132 
126 139 
126 140 
126 142 
126 148 
126 151 
126 152 
126 157 
126 158 
126 159 
126 164 
126 166 
126 168 
126 169 
126 174 
126 178 
126 179 
126 180 
126 182 
126 183 
126 186 
126 190 
126 192 
126 193 
126 199 
126 218 
126 276 
126 279 
126 314 
126 390 
127 129 
127 132 
127 133 
127 139 
127 140 
127 143 
127 149 
127 150 
127 151 
127 152 
127 153 
127 154 
127 157 
127 162 
127 163 
127 167 
127 173 
127 179 
127 184 
127 191 
127 193 
127 194 
127 195 
127 196 
127 230 
127 258 
127 259 
127 277 
127 302 
127 303 
127 328 
127 336 
127 353 
127 369 
127 382 
127 398 
128 129 
128 131 
128 136 
128 138 
128 141 
128 142 
128 152 
128 153 
128 155 
128 160 
128 161 
128 164 
128 166 
128 167 
128 169 
128 170 
128 174 
128 177 
128 178 
128 179 
128 181 
128 185 
128 186 
128 189 
128 191 
128 192 
128 195 
128 196 
128 199 
128 209 
128 222 
128 224 
128 241 
128 347 
129 131 
129 132 
129 133 
129 137 
129 140 
129 141 
129 142 
129 147 
129 153 
129 155 
129 159 
129 160 
129 162 
129 164 
129 166 
129 168 
129 170 
129 172 
129 173 
129 174 
129 180 
129 181 
129 183 
129 184 
129 186 
129 187 
129 190 
129 192 
129 194 
129 197 
129 198 
129 199 
129 207 
129 208 
129 226 
129 233 
129 306 
129 327 
129 373 
129 382 
130 133 
130 136 
130 138 
130 139 
130 143 
130 144 
130 146 
130 149 
130 151 
130 152 
130 154 
130 156 
130 163 
130 166 
130 172 
130 173 
130 174 
130 175 
130 180 
130 182 
130 184 
130 187 
130 188 
130 189 
130 191 
130 194 
130 195 
130 197 
130 198 
130 200 
130 213 
130 217 
130 224 
130 312 
130 341 
130 352 
130 395 
131 132 
131 133 
131 134 
131 137 
131 141 
131 142 
131 143 
131 144 
131 148 
131 155 
131 156 
131 158 
131 159 
131 160 
131 163 
131 166 
131 167 
131 172 
131 176 
131 184 
131 189 
131 191 
131 192 
131 193 
131 194 
131 196 
131 197 
131 267 
131 295 
131 301 
131 334 
131 335 
131 354 
131 379 
132 133 
132 134 
132 135 
132 136 
132 141 
132 143 
132 144 
132 147 
132 148 
132 151 
132 154 
132 157 
132 160 
132 164 
132 167 
132 171 
132 173 
132 176 
132 177 
132 180 
132 181 
132 183 
132 185 
132 186 
132 187 
132 192 
132 193 
132 194 
132 196 
132 199 
132 241 
132 301 
132 348 
132 361 
132 392 
133 134 
133 137 
133 142 
133 146 
133 148 
133 150 
133 152 
133 153 
133 154 
133 155 
133 157 
133 159 
133 169 
133 170 
133 172 
133 173 
133 176 
133 181 
133 183 
133 185 
133 186 
133 188 
133 189 
133 190 
133 196 
133 197 
133 199 
133 210 
133 250 
133 252 
133 260 
133 267 
133 282 
133 284 
133 293 
133 327 
133 339 
133 355 
133 384 
133 386 
134 136 
134 137 
134 139 
134 142 
134 144 
134 145 
134 148 
134 150 
134 158 
134 161 
134 162 
134 165 
134 166 
134 168 
134 172 
134 180 
134 182 
134 183 
134 189 
134 190 
134 193 
134 194 
134 196 
134 223 
134 228 
134 329 
134 361 
134 371 
134 373 
134 387 
135 138 
135 141 
135 143 
135 144 
135 150 
135 154 
135 157 
135 159 
135 162 
135 163 
135 164 
135 165 
135 166 
135 167 
135 169 
135 172 
135 173 
135 174 
135 176 
135 180 
135 182 
135 183 
135 184 
135 188 
135 189 
135 190 
135 195 
135 198 
135 209 
135 252 
135 274 
135 336 
135 338 
135 340 
135 344 
135 364 
135 389 
136 138 
136 144 
136 145 
136 149 
136 151 
136 152 
136 155 
136 156 
136 158 
136 159 
136 161 
136 167 
136 172 
136 174 
136 176 
136 184 
136 185 
136 188 
136 191 
136 259 
136 269 
136 286 
136 290 
136 309 
136 317 
136 318 
136 329 
136 365 
136 374 
136 384 
136 389 
136 392 
137 140 
137 145 
137 149 
137 152 
137 153 
137 154 
137 161 
137 164 
137 167 
137 174 
137 176 
137 177 
137 179 
137 183 
137 186 
137 187 
137 189 
137 192 
137 194 
137 196 
137 208 
137 216 
137 221 
137 230 
137 243 
137 253 
137 283 
137 284 
137 307 
137 314 
137 339 
137 349 
137 361 
138 139 
138 140 
138 145 
138 146 
138 147 
138 148 
138 149 
138 159 
138 165 
138 168 
138 172 
138 176 
138 178 
138 179 
138 180 
138 181 
138 190 
138 191 
138 194 
138 195 
138 196 
138 198 
138 199 
138 200 
138 214 
138 219 
138 233 
138 247 
138 332 
138 337 
138 363 
138 370 
139 140 
139 141 
139 142 
139 144 
139 150 
139 151 
139 154 
139 155 
139 156 
139 157 
139 158 
139 161 
139 163 
139 165 
139 168 
139 169 
139 170 
139 172 
139 180 
139 185 
139 188 
139 190 
139 192 
139 195 
139 197 
139 198 
139 255 
139 259 
139 278 
139 291 
139 297 
139 300 
139 330 
139 358 
139 399 
140 142 
140 146 
140 147 
140 151 
140 152 
140 154 
140 155 
140 157 
140 158 
140 159 
140 161 
140 163 
140 169 
140 171 
140 172 
140 176 
140 181 
140 183 
140 188 
140 189 
140 190 
140 191 
140 192 
140 194 
140 197 
140 199 
140 209 
140 211 
140 239 
140 291 
140 312 
140 347 
140 383 
141 143 
141 145 
141 147 
141 148 
141 149 
141 150 
141 151 
141 152 
141 153 
141 155 
141 157 
141 158 
141 159 
141 160 
141 161 
141 162 
141 163 
141 167 
141 168 
141 169 
141 171 
141 172 
141 173 
141 175 
141 180 
141 183 
141 184 
141 186 
141 189 
141 193 
141 195 
141 199 
141 265 
141 268 
141 274 
141 275 
141 289 
141 312 
141 321 
141 338 
141 369 
141 390 
142 146 
142 148 
142 155 
142 158 
142 160 
142 162 
142 163 
142 164 
142 166 
142 167 
142 170 
142 172 
142 173 
142 174 
142 182 
142 183 
142 190 
142 191 
142 192 
142 194 
142 198 
142 199 
142 212 
142 222 
142 237 
142 256 
142 265 
142 277 
142 289 
142 304 
143 144 
143 146 
143 150 
143 154 
143 155 
143 156 
143 162 
143 164 
143 169 
143 170 
143 172 
143 175 
143 176 
143 181 
143 183 
143 186 
143 187 
143 190 
143 194 
143 195 
143 196 
143 197 
143 201 
143 209 
143 225 
143 254 
143 277 
143 285 
143 330 
143 390 
143 399 
144 148 
144 150 
144 152 
144 153 
144 155 
144 158 
144 159 
144 160 
144 161 
144 162 
144 163 
144 176 
144 177 
144 178 
144 179 
144 185 
144 189 
144 190 
144 191 
144 193 
144 194 
144 196 
144 199 
144 223 
144 245 
144 273 
144 282 
144 295 
144 306 
144 314 
144 336 
144 347 
144 357 
145 147 
145 148 
145 154 
145 155 
145 162 
145 164 
145 165 
145 168 
145 170 
145 171 
145 172 
145 173 
145 176 
145 177 
145 182 
145 183 
145 184 
145 185 
145 187 
145 189 
145 191 
145 196 
145 198 
145 201 
145 247 
145 271 
145 316 
145 325 
146 147 
146 151 
146 161 
146 165 
146 166 
146 167 
146 169 
146 171 
146 173 
146 176 
146 179 
146 183 
146 184 
146 185 
146 190 
146 191 
146 197 
146 198 
146 199 
146 223 
146 265 
146 284 
146 343 
146 358 
146 362 
146 364 
146 390 
147 151 
147 153 
147 154 
147 157 
147 162 
147 173 
147 174 
147 176 
147 179 
147 180 
147 182 
147 183 
147 184 
147 185 
147 188 
147 192 
147 193 
147 199 
147 228 
147 251 
147 256 
147 267 
147 283 
147 313 
147 339 
148 151 
148 152 
148 153 
148 155 
148 163 
148 165 
148 168 
148 171 
148 172 
148 176 
148 183 
148 185 
148 188 
148 189 
148 190 
148 192 
148 193 
148 194 
148 196 
148 197 
148 210 
148 218 
148 224 
148 228 
148 292 
148 315 
148 333 
148 351 
148 373 
149 153 
149 157 
149 158 
149 159 
149 166 
149 171 
149 172 
149 177 
149 178 
149 179 
149 180 
149 181 
149 182 
149 183 
149 184 
149 186 
149 187 
149 195 
149 196 
149 211 
149 229 
149 242 
149 276 
149 335 
149 337 
149 351 
150 151 
150 152 
150 153 
150 156 
150 159 
150 161 
150 163 
150 164 
150 169 
150 170 
150 172 
150 173 
150 175 
150 179 
150 182 
150 183 
150 186 
150 189 
150 190 
150 191 
150 193 
150 197 
150 199 
150 242 
150 270 
150 274 
150 293 
150 311 
150 323 
150 330 
150 332 
150 347 
150 367 
150 378 
151 153 
151 155 
151 156 
151 157 
151 163 
151 166 
151 169 
151 170 
151 171 
151 172 
151 177 
151 178 
151 182 
151 184 
151 186 
151 191 
151 197 
151 198 
151 233 
151 240 
151 246 
151 313 
151 323 
151 332 
151 351 
151 394 
152 153 
152 155 
152 156 
152 157 
152 164 
152 169 
152 170 
152 173 
152 175 
152 179 
152 180 
152 181 
152 183 
152 185 
152 187 
152 193 
152 199 
152 248 
152 278 
152 298 
152 321 
152 343 
152 344 
152 348 
152 352 
152 354 
153 154 
153 156 
153 160 
153 163 
153 164 
153 171 
153 176 
153 180 
153 182 
153 183 
153 184 
153 188 
153 190 
153 197 
153 198 
153 199 
153 216 
153 244 
153 284 
153 315 
153 317 
153 369 
153 379 
153 386 
153 388 
153 392 
154 156 
154 157 
154 158 
154 168 
154 169 
154 171 
154 173 
154 178 
154 179 
154 184 
154 185 
154 193 
154 195 
154 200 
154 229 
154 250 
154 259 
154 261 
154 265 
154 296 
154 299 
154 328 
154 385 
155 159 
155 160 
155 164 
155 167 
155 168 
155 171 
155 173 
155 174 
155 181 
155 183 
155 185 
155 188 
155 190 
155 193 
155 195 
155 197 
155 207 
155 214 
155 221 
155 260 
155 277 
155 351 
155 360 
155 377 
155 391 
156 158 
156 159 
156 164 
156 166 
156 167 
156 170 
156 171 
156 172 
156 173 
156 174 
156 175 
156 176 
156 178 
156 179 
156 182 
156 186 
156 190 
156 193 
156 198 
156 250 
156 269 
156 283 
156 284 
156 323 
156 326 
156 350 
156 355 
157 159 
157 162 
157 165 
157 166 
157 167 
157 168 
157 170 
157 171 
157 173 
157 174 
157 176 
157 178 
157 179 
157 180 
157 186 
157 188 
157 191 
157 192 
157 194 
157 195 
157 197 
157 198 
157 226 
157 232 
157 246 
157 249 
157 285 
157 314 
157 317 
157 362 
157 371 
157 390 
158 161 
158 167 
158 169 
158 171 
158 173 
158 174 
158 181 
158 183 
158 185 
158 186 
158 188 
158 190 
158 196 
158 199 
158 223 
158 257 
158 269 
158 276 
158 305 
158 308 
158 350 
158 372 
158 375 
158 385 
159 161 
159 163 
159 168 
159 171 
159 175 
159 177 
159 178 
159 179 
159 180 
159 181 
159 182 
159 184 
159 186 
159 192 
159 194 
159 217 
159 229 
159 239 
159 244 
159 261 
159 263 
159 278 
159 306 
159 355 
159 371 
160 162 
160 163 
160 164 
160 169 
160 170 
160 173 
160 174 
160 176 
160 177 
160 180 
160 181 
160 183 
160 184 
160 186 
160 190 
160 192 
160 194 
160 195 
160 196 
160 197 
160 199 
160 219 
160 229 
160 276 
160 317 
160 335 
160 379 
161 162 
161 164 
161 165 
161 166 
161 167 
161 168 
161 170 
161 173 
161 177 
161 179 
161 180 
161 181 
161 183 
161 188 
161 189 
161 190 
161 191 
161 194 
161 196 
161 198 
161 199 
161 266 
161 292 
161 300 
161 344 
161 351 
161 358 
161 370 
161 371 
161 383 
161 398 
162 164 
162 166 
162 167 
162 168 
162 169 
162 174 
162 175 
162 176 
162 177 
162 179 
162 182 
162 183 
162 185 
162 186 
162 189 
162 190 
162 192 
162 195 
162 196 
162 197 
162 217 
162 241 
162 244 
162 248 
162 362 
162 363 
162 364 
162 382 
162 384 
163 164 
163 165 
163 167 
163 169 
163 170 
163 177 
163 183 
163 185 
163 186 
163 188 
163 190 
163 191 
163 193 
163 196 
163 197 
163 198 
163 237 
163 257 
163 272 
163 276 
163 284 
163 288 
163 295 
163 300 
163 352 
163 379 
163 397 
164 166 
164 169 
164 170 
164 173 
164 176 
164 178 
164 180 
164 184 
164 186 
164 187 
164 189 
164 195 
164 197 
164 199 
164 267 
164 270 
164 317 
164 322 
164 342 
164 358 
164 366 
164 383 
165 167 
165 168 
165 170 
165 181 
165 182 
165 183 
165 186 
165 192 
165 193 
165 194 
165 196 
165 197 
165 199 
165 200 
165 231 
165 374 
165 375 
166 169 
166 170 
166 171 
166 175 
166 177 
166 178 
166 181 
166 185 
166 189 
166 190 
166 194 
166 196 
166 197 
166 257 
166 294 
166 336 
166 355 
166 386 
167 168 
167 170 
167 171 
167 173 
167 176 
167 181 
167 185 
167 186 
167 187 
167 194 
167 216 
167 291 
167 338 
167 382 
167 393 
168 176 
168 180 
168 184 
168 185 
168 187 
168 188 
168 191 
168 192 
168 193 
168 194 
168 196 
168 199 
168 204 
168 210 
168 215 
168 232 
168 236 
168 261 
168 328 
168 345 
168 346 
168 391 
169 171 
169 172 
169 173 
169 177 
169 178 
169 181 
169 183 
169 184 
169 188 
169 191 
169 194 
169 195 
169 196 
169 209 
169 238 
169 285 
169 349 
169 373 
169 381 
170 172 
170 173 
170 175 
170 176 
170 179 
170 186 
170 189 
170 190 
170 193 
170 196 
170 198 
170 199 
170 200 
170 209 
170 227 
170 242 
170 243 
170 287 
170 315 
170 356 
170 372 
170 399 
171 172 
171 175 
171 176 
171 178 
171 179 
171 182 
171 183 
171 187 
171 188 
171 189 
171 190 
171 296 
171 298 
171 299 
171 345 
172 175 
172 176 
172 178 
172 188 
172 191 
172 192 
172 195 
172 196 
172 197 
172 204 
172 230 
172 231 
172 259 
172 276 
172 279 
172 290 
173 177 
173 178 
173 179 
173 181 
173 185 
173 189 
173 190 
173 195 
173 197 
173 217 
173 241 
173 255 
173 266 
173 307 
173 341 
173 343 
173 355 
173 363 
173 391 
173 394 
174 179 
174 180 
174 181 
174 182 
174 184 
174 185 
174 189 
174 190 
174 193 
174 196 
174 197 
174 199 
174 267 
174 274 
174 287 
174 305 
174 326 
174 350 
174 385 
174 389 
174 391 
174 395 
175 176 
175 177 
175 180 
175 183 
175 188 
175 189 
175 190 
175 192 
175 196 
175 197 
175 198 
175 264 
175 272 
175 274 
175 290 
175 291 
175 310 
175 340 
175 392 
176 181 
176 182 
176 186 
176 189 
176 190 
176 192 
176 199 
176 258 
176 290 
176 316 
176 335 
176 342 
176 384 
177 180 
177 184 
177 187 
177 189 
177 191 
177 192 
177 194 
177 199 
177 210 
177 214 
177 232 
177 237 
177 259 
177 270 
177 282 
177 332 
177 345 
177 367 
177 377 
177 385 
177 388 
177 398 
178 179 
178 183 
178 184 
178 187 
178 189 
178 194 
178 195 
178 198 
178 254 
178 260 
178 284 
178 357 
178 366 
178 377 
178 378 
179 181 
179 185 
179 189 
179 190 
179 194 
179 196 
179 199 
179 235 
179 246 
179 252 
179 331 
179 358 
179 392 
180 182 
180 183 
180 188 
180 189 
180 192 
180 196 
180 197 
180 282 
180 298 
180 332 
180 341 
180 358 
180 383 
181 182 
181 183 
181 185 
181 187 
181 190 
181 192 
181 193 
181 195 
181 196 
181 197 
181 204 
181 220 
181 244 
181 256 
181 263 
181 305 
181 334 
181 346 
182 187 
182 190 
182 193 
182 194 
182 195 
182 265 
182 276 
182 281 
182 291 
182 298 
182 356 
182 385 
183 188 
183 191 
183 194 
183 198 
183 199 
183 234 
183 238 
183 250 
183 253 
183 362 
183 371 
183 379 
183 384 
184 187 
184 189 
184 190 
184 191 
184 192 
184 194 
184 197 
184 199 
184 202 
184 215 
184 241 
184 255 
184 282 
184 284 
184 358 
185 187 
185 188 
185 190 
185 192 
185 193 
185 197 
185 198 
185 199 
185 259 
185 269 
185 293 
185 360 
186 188 
186 190 
186 192 
186 193 
186 197 
186 199 
186 277 
186 279 
186 297 
186 350 
186 353 
186 372 
186 377 
187 188 
187 190 
187 195 
187 196 
187 198 
187 199 
187 222 
187 270 
187 272 
187 337 
187 356 
187 369 
187 376 
187 380 
188 197 
188 295 
188 345 
188 364 
188 386 
188 390 
189 190 
189 192 
189 194 
189 196 
189 199 
189 206 
189 225 
189 229 
189 239 
189 269 
189 275 
189 288 
189 342 
189 348 
189 385 
189 392 
189 399 
190 191 
190 193 
190 194 
190 198 
190 199 
190 238 
190 261 
190 273 
190 280 
190 299 
190 304 
190 336 
190 374 
190 391 
191 192 
191 193 
191 194 
191 195 
191 196 
191 198 
191 199 
191 217 
191 222 
191 239 
191 278 
191 339 
191 346 
191 353 
191 354 
191 373 
192 194 
192 196 
192 197 
192 198 
192 199 
192 266 
192 269 
192 340 
192 366 
193 194 
193 197 
193 198 
193 254 
193 278 
193 337 
193 339 
193 362 
193 363 
193 378 
194 197 
194 227 
194 253 
194 272 
194 286 
194 346 
194 369 
194 388 
195 197 
195 199 
195 210 
195 265 
195 277 
195 302 
195 305 
195 314 
195 328 
195 336 
195 339 
195 342 
195 357 
195 376 
195 386 
196 199 
196 235 
196 288 
196 333 
196 380 
197 255 
197 311 
197 343 
197 363 
197 367 
197 375 
197 377 
198 220 
198 236 
198 258 
198 261 
198 278 
198 306 
198 324 
198 337 
198 342 
198 358 
198 389 
198 394 
199 202 
199 298 
199 346 
200 202 
200 203 
200 204 
200 205 
200 211 
200 212 
200 214 
200 218 
200 220 
200 222 
200 224 
200 226 
200 227 
200 228 
200 229 
200 236 
200 237 
200 239 
200 240 
200 246 
200 250 
200 255 
200 258 
200 259 
200 261 
200 262 
200 265 
200 266 
200 267 
200 268 
200 271 
200 272 
200 274 
200 277 
200 278 
200 279 
200 282 
200 285 
200 288 
200 297 
200 304 
200 309 
200 311 
200 332 
201 205 
201 206 
201 209 
201 218 
201 219 
201 221 
201 223 
201 224 
201 225 
201 230 
201 232 
201 235 
201 240 
201 241 
201 242 
201 246 
201 247 
201 253 
201 256 
201 258 
201 264 
201 265 
201 268 
201 269 
201 270 
201 272 
201 278 
201 279 
201 282 
201 283 
201 284 
201 285 
201 287 
201 289 
201 293 
201 295 
201 296 
201 311 
201 322 
202 203 
202 205 
202 207 
202 212 
202 213 
202 215 
202 217 
202 218 
202 220 
202 221 
202 225 
202 227 
202 230 
202 231 
202 239 
202 241 
202 242 
202 244 
202 245 
202 248 
202 249 
202 254 
202 256 
202 259 
202 262 
202 264 
202 268 
202 269 
202 275 
202 277 
202 280 
202 281 
202 284 
202 287 
202 288 
202 291 
202 294 
202 327 
202 332 
202 336 
202 385 
203 204 
203 206 
203 208 
203 211 
203 215 
203 217 
203 218 
203 220 
203 222 
203 223 
203 226 
203 227 
203 230 
203 231 
203 233 
203 238 
203 240 
203 241 
203 247 
203 248 
203 250 
203 256 
203 257 
203 263 
203 266 
203 267 
203 273 
203 278 
203 279 
203 282 
203 288 
203 292 
204 205 
204 206 
204 207 
204 211 
204 215 
204 218 
204 220 
204 226 
204 227 
204 228 
204 229 
204 230 
204 232 
204 234 
204 236 
204 238 
204 240 
204 242 
204 247 
204 252 
204 255 
204 256 
204 257 
204 260 
204 262 
204 263 
204 266 
204 273 
204 275 
204 277 
204 278 
204 279 
204 284 
204 285 
204 287 
204 291 
204 292 
204 293 
204 299 
204 316 
204 326 
204 328 
204 338 
204 369 
204 376 
205 208 
205 209 
205 210 
205 212 
205 215 
205 219 
205 223 
205 225 
205 226 
205 230 
205 238 
205 241 
205 242 
205 245 
205 246 
205 251 
205 253 
205 255 
205 258 
205 259 
205 261 
205 263 
205 264 
205 266 
205 268 
205 273 
205 278 
205 280 
205 282 
205 283 
205 284 
205 286 
205 287 
205 290 
205 292 
205 293 
205 294 
205 295 
205 299 
205 335 
205 390 
206 207 
206 212 
206 214 
206 223 
206 224 
206 232 
206 234 
206 235 
206 240 
206 241 
206 242 
206 244 
206 247 
206 249 
206 250 
206 251 
206 252 
206 253 
206 256 
206 257 
206 258 
206 259 
206 264 
206 275 
206 276 
206 279 
206 280 
206 282 
206 284 
206 288 
206 291 
206 295 
206 296 
206 298 
206 299 
206 310 
206 312 
206 364 
206 371 
206 394 
207 210 
207 211 
207 212 
207 214 
207 215 
207 221 
207 222 
207 223 
207 225 
207 228 
207 235 
207 236 
207 240 
207 242 
207 243 
207 246 
207 248 
207 252 
207 258 
207 261 
207 264 
207 267 
207 274 
207 275 
207 276 
207 279 
207 281 
207 284 
207 290 
207 293 
207 295 
207 296 
207 297 
208 212 
208 215 
208 216 
208 217 
208 218 
208 219 
208 221 
208 222 
208 225 
208 226 
208 231 
208 232 
208 233 
208 235 
208 236 
208 237 
208 239 
208 240 
208 245 
208 246 
208 249 
208 253 
208 255 
208 257 
208 259 
208 262 
208 263 
208 264 
208 267 
208 271 
208 272 
208 275 
208 276 
208 277 
208 278 
208 279 
208 280 
208 283 
208 284 
208 287 
208 288 
208 292 
208 296 
208 298 
208 299 
208 301 
208 308 
208 319 
208 321 
208 370 
209 211 
209 213 
209 216 
209 217 
209 219 
209 220 
209 223 
209 224 
209 225 
209 226 
209 229 
209 232 
209 236 
209 238 
209 239 
209 241 
209 243 
209 247 
209 252 
209 254 
209 258 
209 259 
209 261 
209 263 
209 264 
209 267 
209 268 
209 269 
209 275 
209 276 
209 278 
209 283 
209 285 
209 288 
209 292 
209 296 
209 300 
209 306 
209 344 
209 374 
209 395 
210 211 
210 214 
210 217 
210 218 
210 219 
210 220 
210 221 
210 224 
210 225 
210 228 
210 231 
210 234 
210 235 
210 237 
210 239 
210 250 
210 252 
210 256 
210 263 
210 269 
210 271 
210 272 
210 274 
210 275 
210 276 
210 277 
210 278 
210 281 
210 283 
210 286 
210 288 
210 289 
210 290 
210 295 
210 296 
210 297 
210 317 
210 322 
210 324 
210 328 
210 364 
211 214 
211 218 
211 220 
211 224 
211 225 
211 228 
211 229 
211 232 
211 234 
211 239 
211 240 
211 241 
211 246 
211 249 
211 250 
211 251 
211 254 
211 256 
211 258 
211 260 
211 263 
211 273 
211 274 
211 275 
211 276 
211 277 
211 279 
211 283 
211 284 
211 287 
211 292 
211 295 
211 333 
211 352 
211 353 
212 215 
212 216 
212 218 
212 219 
212 226 
212 227 
212 228 
212 229 
212 233 
212 235 
212 236 
212 239 
212 244 
212 245 
212 246 
212 247 
212 249 
212 252 
212 254 
212 257 
212 258 
212 260 
212 265 
212 267 
212 268 
212 269 
212 270 
212 274 
212 279 
212 284 
212 287 
212 288 
212 289 
212 290 
212 295 
212 296 
212 299 
212 338 
212 368 
212 381 
213 216 
213 220 
213 221 
213 226 
213 230 
213 233 
213 234 
213 235 
213 236 
213 237 
213 238 
213 241 
213 245 
213 246 
213 247 
213 249 
213 252 
213 259 
213 260 
213 262 
213 263 
213 267 
213 271 
213 275 
213 276 
213 280 
213 282 
213 285 
213 286 
213 288 
213 292 
213 297 
213 299 
213 332 
213 345 
213 347 
213 348 
213 385 
214 216 
214 220 
214 223 
214 224 
214 226 
214 227 
214 233 
214 234 
214 235 
214 236 
214 238 
214 239 
214 241 
214 242 
214 248 
214 252 
214 253 
214 255 
214 258 
214 260 
214 262 
214 263 
214 271 
214 274 
214 276 
214 277 
214 280 
214 281 
214 286 
214 287 
214 289 
214 295 
214 297 
214 298 
214 321 
214 366 
214 379 
215 217 
215 219 
215 221 
215 223 
215 225 
215 230 
215 233 
215 237 
215 238 
215 239 
215 240 
215 241 
215 242 
215 244 
215 245 
215 248 
215 249 
215 251 
215 253 
215 254 
215 257 
215 258 
215 259 
215 261 
215 264 
215 267 
215 269 
215 271 
215 274 
215 275 
215 276 
215 277 
215 279 
215 285 
215 286 
215 287 
215 292 
215 297 
215 299 
215 337 
215 372 
215 384 
215 389 
216 217 
216 220 
216 221 
216 224 
216 225 
216 227 
216 228 
216 229 
216 231 
216 233 
216 235 
216 241 
216 243 
216 244 
216 245 
216 247 
216 249 
216 250 
216 251 
216 253 
216 254 
216 256 
216 258 
216 260 
216 262 
216 267 
216 269 
216 271 
216 273 
216 281 
216 283 
216 286 
216 287 
216 293 
216 296 
216 299 
216 300 
216 331 
216 347 
216 357 
216 363 
216 364 
216 378 
216 395 
217 219 
217 221 
217 222 
217 233 
217 235 
217 237 
217 240 
217 242 
217 245 
217 246 
217 249 
217 251 
217 254 
217 256 
217 257 
217 258 
217 260 
217 262 
217 263 
217 266 
217 272 
217 274 
217 276 
217 277 
217 282 
217 285 
217 287 
217 290 
217 291 
217 292 
217 296 
217 304 
217 308 
217 312 
217 313 
217 319 
217 357 
217 364 
217 399 
218 220 
218 223 
218 227 
218 228 
218 230 
218 231 
218 232 
218 236 
218 238 
218 253 
218 255 
218 256 
218 260 
218 262 
218 263 
218 266 
218 268 
218 269 
218 270 
218 271 
218 275 
218 277 
218 279 
218 281 
218 282 
218 286 
218 291 
218 292 
218 294 
218 296 
218 298 
218 299 
218 301 
218 346 
218 362 
218 372 
219 220 
219 221 
219 225 
219 228 
219 233 
219 236 
219 238 
219 239 
219 240 
219 243 
219 246 
219 248 
219 251 
219 253 
219 255 
219 263 
219 271 
219 272 
219 282 
219 283 
219 287 
219 291 
219 293 
219 294 
219 325 
219 327 
219 366 
220 221 
220 222 
220 224 
220 225 
220 227 
220 230 
220 233 
220 240 
220 241 
220 242 
220 255 
220 256 
220 257 
220 259 
220 260 
220 262 
220 263 
220 264 
220 269 
220 271 
220 274 
220 275 
220 276 
220 277 
220 280 
220 282 
220 283 
220 284 
220 286 
220 287 
220 293 
220 294 
220 295 
220 297 
220 314 
220 327 
220 341 
220 369 
220 375 
221 222 
221 229 
221 230 
221 231 
221 234 
221 235 
221 236 
221 237 
221 238 
221 245 
221 247 
221 249 
221 252 
221 253 
221 256 
221 257 
221 258 
221 262 
221 263 
221 266 
221 267 
221 268 
221 270 
221 271 
221 278 
221 282 
221 287 
221 288 
221 291 
221 292 
221 295 
221 298 
221 349 
221 379 
222 223 
222 226 
222 227 
222 235 
222 236 
222 240 
222 243 
222 247 
222 248 
222 249 
222 251 
222 254 
222 257 
222 258 
222 259 
222 262 
222 263 
222 269 
222 270 
222 277 
222 278 
222 279 
222 282 
222 283 
222 286 
222 291 
222 293 
222 295 
222 298 
222 299 
222 312 
222 354 
222 395 
223 224 
223 227 
223 229 
223 230 
223 233 
223 234 
223 235 
223 237 
223 238 
223 239 
223 247 
223 248 
223 256 
223 259 
223 260 
223 264 
223 267 
223 268 
223 270 
223 273 
223 277 
223 282 
223 283 
223 284 
223 285 
223 289 
223 293 
223 353 
223 357 
223 382 
224 227 
224 230 
224 231 
224 234 
224 237 
224 238 
224 242 
224 244 
224 245 
224 249 
224 250 
224 251 
224 254 
224 257 
224 259 
224 264 
224 268 
224 270 
224 271 
224 272 
224 273 
224 274 
224 275 
224 276 
224 277 
224 283 
224 284 
224 286 
224 287 
224 289 
224 295 
224 296 
224 298 
224 307 
224 343 
224 368 
224 397 
225 231 
225 235 
225 236 
225 240 
225 241 
225 242 
225 243 
225 244 
225 253 
225 261 
225 263 
225 266 
225 270 
225 271 
225 272 
225 280 
225 284 
225 287 
225 294 
225 295 
225 296 
225 297 
225 315 
225 322 
225 335 
225 336 
225 353 
225 371 
225 384 
226 227 
226 229 
226 230 
226 233 
226 234 
226 235 
226 236 
226 237 
226 239 
226 241 
226 243 
226 244 
226 245 
226 246 
226 247 
226 248 
226 249 
226 251 
226 252 
226 253 
226 254 
226 259 
226 260 
226 263 
226 268 
226 270 
226 271 
226 272 
226 274 
226 277 
226 278 
226 279 
226 280 
226 281 
226 283 
226 286 
226 287 
226 288 
226 291 
226 294 
226 295 
226 298 
226 299 
226 316 
226 368 
226 369 
226 377 
227 230 
227 233 
227 235 
227 237 
227 239 
227 243 
227 244 
227 247 
227 249 
227 253 
227 254 
227 255 
227 259 
227 260 
227 264 
227 266 
227 269 
227 272 
227 279 
227 281 
227 284 
227 285 
227 287 
227 288 
227 297 
227 310 
227 390 
228 229 
228 230 
228 232 
228 233 
228 234 
228 235 
228 238 
228 239 
228 243 
228 247 
228 250 
228 257 
228 258 
228 259 
228 262 
228 265 
228 269 
228 271 
228 273 
228 279 
228 281 
228 283 
228 286 
228 289 
228 292 
228 293 
228 294 
228 298 
228 322 
228 324 
228 331 
228 349 
228 368 
229 231 
229 232 
229 235 
229 240 
229 243 
229 245 
229 247 
229 249 
229 251 
229 252 
229 255 
229 257 
229 258 
229 264 
229 265 
229 266 
229 267 
229 268 
229 271 
229 281 
229 284 
229 290 
229 291 
229 294 
229 295 
229 298 
229 299 
229 307 
229 318 
229 327 
229 358 
229 375 
229 384 
229 394 
229 397 
230 232 
230 239 
230 240 
230 241 
230 244 
230 245 
230 248 
230 250 
230 251 
230 254 
230 256 
230 257 
230 261 
230 263 
230 264 
230 267 
230 269 
230 270 
230 271 
230 272 
230 275 
230 276 
230 284 
230 286 
230 288 
230 290 
230 291 
230 296 
230 299 
230 308 
230 380 
230 395 
231 234 
231 236 
231 238 
231 243 
231 247 
231 249 
231 251 
231 255 
231 257 
231 259 
231 265 
231 266 
231 273 
231 274 
231 275 
231 276 
231 279 
231 281 
231 282 
231 284 
231 286 
231 288 
231 289 
231 290 
231 292 
231 295 
231 296 
231 298 
231 299 
231 320 
231 344 
232 234 
232 237 
232 238 
232 239 
232 247 
232 248 
232 250 
232 262 
232 264 
232 274 
232 277 
232 278 
232 281 
232 282 
232 283 
232 285 
232 286 
232 287 
232 289 
232 291 
232 292 
232 296 
232 297 
232 321 
232 323 
232 356 
232 373 
232 383 
232 387 
232 398 
232 399 
233 236 
233 237 
233 240 
233 241 
233 242 
233 244 
233 245 
233 248 
233 250 
233 254 
233 255 
233 259 
233 262 
233 268 
233 272 
233 275 
233 278 
233 279 
233 280 
233 281 
233 282 
233 288 
233 293 
233 294 
233 295 
233 296 
233 297 
233 313 
233 326 
233 327 
233 384 
234 235 
234 238 
234 239 
234 240 
234 242 
234 243 
234 245 
234 247 
234 250 
234 251 
234 252 
234 253 
234 257 
234 262 
234 263 
234 270 
234 272 
234 273 
234 274 
234 279 
234 281 
234 283 
234 285 
234 286 
234 287 
234 291 
234 293 
234 294 
234 295 
234 297 
234 320 
234 321 
234 331 
234 351 
234 372 
235 236 
235 242 
235 243 
235 245 
235 246 
235 247 
235 248 
235 250 
235 252 
235 254 
235 259 
235 260 
235 267 
235 268 
235 271 
235 273 
235 274 
235 275 
235 278 
235 279 
235 283 
235 285 
235 286 
235 287 
235 290 
235 292 
235 294 
235 299 
235 303 
235 305 
235 345 
236 237 
236 244 
236 245 
236 246 
236 248 
236 249 
236 251 
236 252 
236 259 
236 260 
236 261 
236 262 
236 263 
236 266 
236 270 
236 273 
236 274 
236 276 
236 277 
236 280 
236 283 
236 284 
236 288 
236 290 
236 291 
236 292 
236 294 
236 296 
236 299 
236 316 
236 326 
236 328 
236 366 
236 384 
237 238 
237 240 
237 242 
237 243 
237 246 
237 248 
237 254 
237 256 
237 257 
237 262 
237 263 
237 265 
237 268 
237 269 
237 272 
237 276 
237 277 
237 281 
237 282 
237 292 
237 293 
237 294 
237 295 
237 297 
237 298 
237 300 
237 315 
237 345 
238 241 
238 242 
238 243 
238 247 
238 249 
238 253 
238 255 
238 257 
238 259 
238 262 
238 265 
238 270 
238 271 
238 272 
238 273 
238 274 
238 277 
238 283 
238 284 
238 286 
238 287 
238 290 
238 294 
238 295 
238 304 
238 312 
238 344 
238 367 
239 240 
239 242 
239 246 
239 248 
239 250 
239 252 
239 253 
239 255 
239 256 
239 261 
239 262 
239 263 
239 265 
239 270 
239 272 
239 275 
239 277 
239 279 
239 280 
239 286 
239 287 
239 288 
239 289 
239 292 
239 293 
239 296 
239 297 
239 320 
240 241 
240 242 
240 244 
240 247 
240 251 
240 254 
240 258 
240 259 
240 260 
240 261 
240 264 
240 265 
240 267 
240 273 
240 279 
240 280 
240 282 
240 283 
240 284 
240 288 
240 292 
240 295 
240 296 
240 329 
240 349 
240 367 
241 248 
241 254 
241 258 
241 262 
241 265 
241 267 
241 268 
241 270 
241 274 
241 275 
241 280 
241 281 
241 282 
241 285 
241 286 
241 288 
241 290 
241 291 
241 293 
241 296 
241 298 
241 354 
241 380 
241 389 
242 245 
242 250 
242 253 
242 254 
242 255 
242 258 
242 260 
242 262 
242 263 
242 265 
242 268 
242 272 
242 277 
242 279 
242 282 
242 283 
242 284 
242 285 
242 289 
242 291 
242 292 
242 293 
242 295 
242 298 
242 299 
242 327 
242 382 
242 388 
242 394 
243 244 
243 251 
243 254 
243 257 
243 259 
243 260 
243 261 
243 264 
243 265 
243 267 
243 273 
243 275 
243 278 
243 280 
243 282 
243 284 
243 285 
243 286 
243 287 
243 289 
243 291 
243 292 
243 294 
243 296 
243 299 
243 390 
244 247 
244 249 
244 251 
244 255 
244 256 
244 260 
244 261 
244 272 
244 273 
244 276 
244 277 
244 280 
244 281 
244 282 
244 283 
244 285 
244 288 
244 292 
244 296 
244 297 
244 298 
244 301 
244 309 
244 325 
244 327 
244 338 
244 355 
245 250 
245 252 
245 254 
245 257 
245 258 
245 262 
245 263 
245 264 
245 265 
245 268 
245 270 
245 273 
245 274 
245 280 
245 283 
245 286 
245 291 
245 295 
245 297 
245 298 
245 302 
245 347 
245 355 
245 356 
246 250 
246 252 
246 264 
246 266 
246 267 
246 275 
246 280 
246 281 
246 282 
246 284 
246 286 
246 294 
246 298 
246 299 
246 362 
246 392 
246 399 
247 253 
247 254 
247 255 
247 259 
247 261 
247 262 
247 263 
247 264 
247 267 
247 268 
247 270 
247 272 
247 279 
247 280 
247 281 
247 282 
247 284 
247 285 
247 289 
247 290 
247 291 
247 292 
247 293 
247 294 
247 297 
247 316 
247 354 
247 355 
247 376 
247 380 
247 382 
247 385 
248 251 
248 253 
248 254 
248 255 
248 260 
248 261 
248 264 
248 266 
248 267 
248 271 
248 282 
248 292 
248 296 
248 302 
248 316 
248 322 
248 325 
248 337 
249 252 
249 255 
249 258 
249 261 
249 262 
249 264 
249 268 
249 271 
249 274 
249 277 
249 278 
249 288 
249 289 
249 292 
249 294 
249 296 
249 297 
249 308 
249 342 
249 347 
249 369 
249 382 
249 386 
250 252 
250 255 
250 257 
250 259 
250 269 
250 275 
250 276 
250 282 
250 285 
250 288 
250 289 
250 290 
250 291 
250 293 
250 294 
250 295 
250 296 
250 299 
250 356 
250 383 
250 397 
251 252 
251 256 
251 257 
251 261 
251 262 
251 263 
251 266 
251 268 
251 269 
251 271 
251 273 
251 276 
251 279 
251 282 
251 287 
251 289 
251 291 
251 292 
251 295 
251 296 
251 337 
251 351 
251 374 
251 386 
251 399 
252 254 
252 255 
252 258 
252 260 
252 261 
252 262 
252 263 
252 265 
252 266 
252 267 
252 269 
252 271 
252 273 
252 278 
252 281 
252 287 
252 292 
252 294 
252 295 
252 298 
252 299 
252 304 
252 326 
252 335 
252 373 
252 392 
253 255 
253 256 
253 264 
253 267 
253 268 
253 269 
253 271 
253 274 
253 278 
253 281 
253 282 
253 283 
253 284 
253 288 
253 295 
253 297 
253 298 
253 299 
253 300 
253 355 
253 372 
253 381 
253 389 
253 398 
254 258 
254 264 
254 265 
254 266 
254 269 
254 271 
254 273 
254 274 
254 277 
254 279 
254 281 
254 284 
254 286 
254 287 
254 289 
254 293 
254 294 
254 295 
254 314 
254 321 
254 338 
254 360 
255 258 
255 260 
255 261 
255 262 
255 263 
255 264 
255 266 
255 267 
255 272 
255 275 
255 276 
255 279 
255 281 
255 282 
255 283 
255 284 
255 285 
255 289 
255 292 
255 294 
255 299 
255 301 
255 305 
255 306 
256 257 
256 260 
256 261 
256 262 
256 264 
256 267 
256 269 
256 273 
256 274 
256 275 
256 277 
256 278 
256 279 
256 280 
256 281 
256 284 
256 287 
256 288 
256 290 
256 292 
256 293 
256 294 
256 295 
256 299 
256 369 
256 371 
256 378 
257 258 
257 259 
257 264 
257 268 
257 269 
257 271 
257 272 
257 274 
257 276 
257 277 
257 279 
257 280 
257 282 
257 284 
257 285 
257 287 
257 288 
257 290 
257 291 
257 294 
257 297 
257 319 
257 331 
257 344 
257 384 
257 393 
258 259 
258 261 
258 262 
258 264 
258 265 
258 267 
258 268 
258 269 
258 270 
258 273 
258 277 
258 280 
258 281 
258 282 
258 283 
258 285 
258 287 
258 288 
258 289 
258 291 
258 294 
258 295 
258 304 
258 321 
258 328 
259 260 
259 264 
259 265 
259 266 
259 268 
259 269 
259 271 
259 274 
259 278 
259 279 
259 281 
259 282 
259 284 
259 287 
259 288 
259 291 
259 292 
259 295 
259 298 
259 299 
259 307 
259 330 
259 374 
259 377 
260 262 
260 267 
260 268 
260 272 
260 273 
260 275 
260 276 
260 280 
260 283 
260 286 
260 293 
260 294 
260 295 
260 297 
260 298 
260 300 
260 323 
260 324 
260 343 
260 382 
261 265 
261 266 
261 267 
261 270 
261 271 
261 279 
261 283 
261 286 
261 292 
261 294 
261 295 
261 296 
261 299 
261 325 
261 375 
261 386 
261 394 
261 395 
262 263 
262 264 
262 265 
262 271 
262 275 
262 277 
262 281 
262 282 
262 286 
262 288 
262 293 
262 294 
262 298 
262 299 
262 308 
262 328 
262 353 
262 368 
262 384 
262 396 
263 265 
263 266 
263 267 
263 271 
263 272 
263 273 
263 275 
263 276 
263 278 
263 284 
263 287 
263 288 
263 291 
263 295 
263 296 
263 297 
263 306 
263 309 
263 321 
263 349 
263 361 
263 363 
264 266 
264 268 
264 269 
264 272 
264 273 
264 277 
264 278 
264 279 
264 283 
264 286 
264 289 
264 290 
264 291 
264 292 
264 294 
264 295 
264 296 
264 297 
264 299 
264 301 
264 310 
264 357 
264 385 
264 389 
265 266 
265 269 
265 272 
265 274 
265 276 
265 277 
265 278 
265 280 
265 282 
265 299 
265 365 
265 383 
265 385 
266 268 
266 270 
266 275 
266 277 
266 285 
266 287 
266 289 
266 291 
266 292 
266 293 
266 297 
266 311 
266 313 
266 350 
267 268 
267 269 
267 272 
267 277 
267 279 
267 283 
267 286 
267 295 
267 296 
267 297 
267 298 
267 299 
267 314 
267 376 
267 385 
268 273 
268 275 
268 276 
268 279 
268 280 
268 282 
268 287 
268 290 
268 294 
268 296 
268 297 
268 298 
268 299 
268 305 
268 334 
268 343 
268 357 
268 374 
268 388 
268 395 
269 273 
269 274 
269 275 
269 276 
269 280 
269 281 
269 284 
269 285 
269 286 
269 287 
269 292 
269 293 
269 295 
269 296 
269 316 
269 355 
269 360 
269 369 
270 275 
270 276 
270 289 
270 292 
270 293 
270 295 
270 296 
270 297 
270 350 
270 379 
270 388 
271 273 
271 275 
271 276 
271 277 
271 281 
271 283 
271 284 
271 285 
271 289 
271 290 
271 291 
271 295 
271 298 
271 318 
271 356 
272 274 
272 276 
272 277 
272 280 
272 285 
272 287 
272 288 
272 289 
272 293 
272 294 
272 295 
272 297 
272 298 
272 299 
272 302 
272 304 
272 328 
272 343 
272 358 
272 369 
272 380 
272 397 
273 274 
273 275 
273 277 
273 278 
273 280 
273 283 
273 288 
273 292 
273 294 
273 296 
273 297 
273 298 
273 337 
273 347 
273 355 
273 362 
273 375 
273 393 
273 396 
274 283 
274 286 
274 288 
274 289 
274 291 
274 295 
274 299 
274 330 
274 339 
274 364 
274 375 
274 376 
274 397 
275 276 
275 278 
275 282 
275 283 
275 286 
275 289 
275 290 
275 291 
275 295 
275 297 
275 298 
275 299 
275 311 
275 352 
275 364 
275 371 
275 379 
275 380 
276 282 
276 283 
276 289 
276 290 
276 291 
276 292 
276 297 
276 337 
276 350 
276 367 
276 377 
276 379 
276 391 
277 282 
277 284 
277 288 
277 289 
277 290 
277 295 
277 297 
277 299 
277 302 
277 331 
277 378 
277 380 
278 281 
278 282 
278 289 
278 290 
278 299 
278 327 
278 346 
278 348 
278 372 
278 379 
278 396 
279 281 
279 285 
279 287 
279 288 
279 289 
279 292 
279 295 
279 297 
279 315 
279 334 
279 354 
279 359 
280 282 
280 284 
280 285 
280 290 
280 291 
280 307 
280 376 
281 282 
281 286 
281 290 
281 293 
281 296 
281 298 
281 299 
281 348 
281 358 
281 371 
282 284 
282 285 
282 287 
282 289 
282 290 
282 291 
282 292 
282 294 
282 297 
282 317 
282 325 
282 328 
282 361 
282 363 
282 379 
282 387 
282 397 
283 288 
283 290 
283 294 
283 298 
283 325 
283 343 
283 356 
283 370 
284 286 
284 289 
284 294 
284 295 
284 297 
284 303 
284 319 
284 372 
284 399 
285 291 
285 297 
285 339 
285 340 
286 287 
286 288 
286 289 
286 297 
286 298 
286 318 
286 323 
286 325 
286 343 
286 368 
287 289 
287 292 
287 293 
287 295 
287 296 
287 298 
287 304 
287 318 
287 362 
287 364 
287 396 
288 295 
288 297 
288 339 
288 347 
288 353 
288 364 
289 294 
289 296 
289 297 
289 299 
289 349 
289 353 
289 355 
289 369 
290 291 
290 293 
290 296 
290 299 
290 374 
291 298 
291 301 
291 308 
292 293 
292 294 
292 295 
292 297 
292 298 
292 304 
292 305 
292 314 
292 317 
292 321 
292 361 
292 398 
293 297 
293 299 
293 322 
293 339 
293 351 
293 361 
293 392 
294 299 
294 334 
294 399 
295 299 
295 321 
295 322 
295 361 
296 297 
296 299 
296 358 
296 370 
296 371 
296 376 
296 398 
297 298 
297 299 
297 309 
297 313 
297 328 
297 339 
297 385 
297 389 
298 299 
298 331 
298 381 
298 398 
299 349 
299 354 
299 374 
299 390 
300 304 
300 305 
300 308 
300 310 
300 311 
300 314 
300 318 
300 319 
300 320 
300 321 
300 323 
300 326 
300 328 
300 330 
300 333 
300 335 
300 336 
300 338 
300 339 
300 340 
300 342 
300 343 
300 344 
300 352 
300 355 
300 357 
300 361 
300 367 
300 369 
300 371 
300 372 
300 373 
300 374 
300 376 
300 377 
300 378 
300 380 
300 382 
300 387 
300 388 
300 392 
300 395 
300 399 
301 303 
301 304 
301 305 
301 310 
301 311 
301 313 
301 316 
301 318 
301 319 
301 323 
301 326 
301 329 
301 331 
301 333 
301 336 
301 337 
301 338 
301 343 
301 346 
301 348 
301 349 
301 351 
301 352 
301 358 
301 360 
301 361 
301 364 
301 367 
301 369 
301 370 
301 374 
301 378 
301 380 
301 382 
301 385 
301 389 
301 391 
301 393 
301 398 
302 304 
302 307 
302 312 
302 313 
302 314 
302 320 
302 321 
302 322 
302 324 
302 325 
302 330 
302 334 
302 336 
302 346 
302 348 
302 349 
302 351 
302 353 
302 355 
302 356 
302 357 
302 361 
302 365 
302 369 
302 370 
302 376 
302 382 
302 388 
302 389 
302 393 
302 396 
302 398 
302 399 
303 304 
303 306 
303 308 
303 310 
303 314 
303 317 
303 318 
303 319 
303 322 
303 332 
303 335 
303 339 
303 340 
303 343 
303 345 
303 350 
303 352 
303 354 
303 355 
303 359 
303 361 
303 364 
303 366 
303 370 
303 371 
303 373 
303 375 
303 377 
303 379 
303 381 
303 383 
303 384 
303 385 
303 386 
303 387 
303 395 
304 306 
304 308 
304 309 
304 312 
304 313 
304 314 
304 316 
304 321 
304 325 
304 327 
304 333 
304 334 
304 336 
304 337 
304 344 
304 345 
304 348 
304 349 
304 351 
304 354 
304 358 
304 359 
304 362 
304 363 
304 364 
304 366 
304 368 
304 369 
304 370 
304 373 
304 381 
304 382 
304 388 
304 389 
304 391 
304 397 
304 398 
305 306 
305 307 
305 308 
305 314 
305 316 
305 317 
305 325 
305 328 
305 330 
305 333 
305 334 
305 335 
305 338 
305 339 
305 353 
305 358 
305 360 
305 361 
305 364 
305 368 
305 369 
305 371 
305 372 
305 377 
305 384 
305 387 
305 388 
305 389 
305 391 
305 393 
305 395 
305 396 
306 307 
306 310 
306 311 
306 312 
306 313 
306 316 
306 324 
306 327 
306 331 
306 333 
306 336 
306 337 
306 338 
306 339 
306 341 
306 343 
306 347 
306 352 
306 354 
306 355 
306 356 
306 358 
306 359 
306 360 
306 363 
306 364 
306 365 
306 373 
306 375 
306 376 
306 378 
306 379 
306 382 
306 386 
306 390 
306 394 
306 397 
307 317 
307 319 
307 323 
307 326 
307 327 
307 328 
307 330 
307 335 
307 338 
307 340 
307 342 
307 343 
307 344 
307 345 
307 346 
307 348 
307 350 
307 353 
307 359 
307 364 
307 366 
307 373 
307 375 
307 380 
307 387 
307 388 
307 394 
307 396 
307 398 
307 399 
308 311 
308 312 
308 314 
308 320 
308 322 
308 323 
308 325 
308 326 
308 330 
308 332 
308 333 
308 336 
308 338 
308 340 
308 342 
308 344 
308 346 
308 348 
308 350 
308 352 
308 354 
308 357 
308 358 
308 365 
308 368 
308 371 
308 373 
308 376 
308 379 
308 381 
308 383 
308 384 
308 387 
308 389 
308 394 
308 397 
308 399 
309 310 
309 311 
309 313 
309 314 
309 316 
309 319 
309 322 
309 324 
309 331 
309 332 
309 333 
309 336 
309 337 
309 340 
309 342 
309 344 
309 345 
309 358 
309 364 
309 365 
309 367 
309 368 
309 373 
309 377 
309 379 
309 381 
309 390 
309 391 
309 392 
309 394 
309 395 
309 396 
309 398 
309 399 
310 312 
310 314 
310 315 
310 318 
310 320 
310 322 
310 323 
310 327 
310 337 
310 338 
310 339 
310 340 
310 341 
310 343 
310 344 
310 345 
310 350 
310 357 
310 359 
310 363 
310 364 
310 369 
310 374 
310 375 
310 376 
310 379 
310 380 
310 381 
310 384 
310 385 
310 388 
310 389 
310 390 
310 394 
310 397 
310 398 
310 399 
311 316 
311 322 
311 323 
311 329 
311 330 
311 332 
311 333 
311 335 
311 336 
311 338 
311 341 
311 342 
311 343 
311 348 
311 350 
311 352 
311 353 
311 354 
311 356 
311 357 
311 359 
311 372 
311 373 
311 375 
311 377 
311 378 
311 383 
311 387 
311 388 
311 391 
311 392 
311 393 
311 394 
311 396 
311 397 
311 399 
312 314 
312 321 
312 322 
312 325 
312 326 
312 327 
312 333 
312 336 
312 338 
312 339 
312 341 
312 343 
312 344 
312 347 
312 349 
312 350 
312 352 
312 358 
312 360 
312 362 
312 365 
312 367 
312 371 
312 374 
312 376 
312 378 
312 379 
312 381 
312 385 
312 386 
312 390 
312 392 
312 393 
312 396 
313 314 
313 315 
313 319 
313 323 
313 326 
313 327 
313 330 
313 334 
313 340 
313 341 
313 342 
313 343 
313 346 
313 347 
313 354 
313 355 
313 356 
313 358 
313 359 
313 360 
313 362 
313 365 
313 366 
313 371 
313 374 
313 376 
313 379 
313 380 
313 381 
313 387 
313 388 
313 389 
313 396 
314 315 
314 317 
314 319 
314 329 
314 332 
314 333 
314 340 
314 343 
314 345 
314 347 
314 352 
314 356 
314 358 
314 360 
314 368 
314 369 
314 370 
314 376 
314 377 
314 379 
314 380 
314 382 
314 383 
314 384 
314 385 
314 387 
314 388 
314 390 
314 392 
314 393 
314 398 
315 316 
315 317 
315 318 
315 319 
315 321 
315 323 
315 325 
315 326 
315 327 
315 329 
315 334 
315 336 
315 343 
315 345 
315 348 
315 349 
315 351 
315 352 
315 356 
315 358 
315 359 
315 362 
315 363 
315 368 
315 369 
315 370 
315 372 
315 373 
315 374 
315 375 
315 376 
315 377 
315 378 
315 388 
315 391 
315 392 
315 395 
315 398 
316 320 
316 323 
316 326 
316 330 
316 331 
316 333 
316 338 
316 339 
316 344 
316 346 
316 351 
316 352 
316 353 
316 355 
316 358 
316 361 
316 362 
316 363 
316 364 
316 367 
316 369 
316 370 
316 371 
316 375 
316 376 
316 378 
316 379 
316 381 
316 383 
316 385 
316 389 
316 391 
316 392 
316 393 
316 395 
316 396 
316 398 
316 399 
317 318 
317 319 
317 320 
317 322 
317 325 
317 326 
317 328 
317 330 
317 335 
317 336 
317 341 
317 345 
317 348 
317 354 
317 355 
317 363 
317 365 
317 367 
317 368 
317 369 
317 377 
317 381 
317 383 
317 385 
317 398 
317 399 
318 319 
318 323 
318 325 
318 327 
318 332 
318 333 
318 335 
318 337 
318 339 
318 342 
318 343 
318 346 
318 349 
318 351 
318 352 
318 353 
318 357 
318 361 
318 364 
318 365 
318 366 
318 368 
318 371 
318 373 
318 375 
318 376 
318 377 
318 378 
318 379 
318 381 
318 383 
318 384 
318 385 
318 389 
318 397 
319 321 
319 323 
319 326 
319 330 
319 332 
319 333 
319 338 
319 340 
319 341 
319 347 
319 351 
319 354 
319 357 
319 358 
319 363 
319 365 
319 367 
319 372 
319 373 
319 378 
319 379 
319 380 
319 382 
319 383 
319 392 
319 394 
319 397 
319 398 
320 321 
320 322 
320 325 
320 328 
320 329 
320 334 
320 337 
320 341 
320 343 
320 344 
320 345 
320 349 
320 350 
320 352 
320 354 
320 356 
320 357 
320 360 
320 361 
320 364 
320 366 
320 367 
320 368 
320 369 
320 372 
320 374 
320 375 
320 377 
320 380 
320 382 
320 384 
320 388 
320 390 
320 391 
320 397 
320 398 
321 324 
321 327 
321 329 
321 331 
321 332 
321 333 
321 334 
321 341 
321 344 
321 345 
321 346 
321 347 
321 351 
321 352 
321 353 
321 357 
321 358 
321 361 
321 362 
321 364 
321 365 
321 367 
321 368 
321 370 
321 371 
321 375 
321 379 
321 381 
321 383 
321 386 
321 387 
321 390 
321 391 
321 392 
321 393 
321 395 
322 324 
322 328 
322 339 
322 341 
322 342 
322 343 
322 346 
322 348 
322 351 
322 353 
322 354 
322 356 
322 358 
322 361 
322 363 
322 365 
322 369 
322 372 
322 379 
322 383 
322 384 
322 385 
322 386 
322 387 
322 393 
322 397 
322 399 
323 324 
323 325 
323 327 
323 332 
323 333 
323 335 
323 336 
323 337 
323 338 
323 342 
323 343 
323 344 
323 347 
323 348 
323 351 
323 363 
323 369 
323 370 
323 371 
323 372 
323 376 
323 378 
323 380 
323 381 
323 384 
323 385 
323 386 
323 388 
323 389 
323 390 
323 392 
323 397 
324 326 
324 328 
324 333 
324 334 
324 335 
324 336 
324 339 
324 340 
324 341 
324 346 
324 347 
324 352 
324 353 
324 362 
324 368 
324 371 
324 373 
324 374 
324 375 
324 376 
324 378 
324 380 
324 382 
324 383 
324 384 
324 385 
324 386 
324 389 
324 391 
324 392 
324 395 
324 396 
325 326 
325 327 
325 328 
325 330 
325 335 
325 337 
325 338 
325 339 
325 340 
325 341 
325 342 
325 344 
325 348 
325 349 
325 350 
325 351 
325 354 
325 355 
325 359 
325 362 
325 366 
325 369 
325 377 
325 378 
325 381 
325 382 
325 385 
325 387 
325 388 
325 390 
325 396 
325 397 
326 328 
326 329 
326 333 
326 337 
326 338 
326 339 
326 341 
326 347 
326 348 
326 353 
326 359 
326 361 
326 362 
326 363 
326 364 
326 369 
326 373 
326 374 
326 377 
326 379 
326 381 
326 383 
326 385 
326 386 
326 387 
326 388 
326 389 
326 391 
326 398 
326 399 
327 328 
327 329 
327 334 
327 335 
327 336 
327 338 
327 340 
327 341 
327 342 
327 351 
327 356 
327 357 
327 358 
327 363 
327 367 
327 376 
327 378 
327 379 
327 381 
327 382 
327 384 
327 385 
327 387 
327 389 
327 391 
327 397 
328 329 
328 330 
328 333 
328 334 
328 337 
328 340 
328 345 
328 347 
328 349 
328 351 
328 353 
328 357 
328 358 
328 359 
328 364 
328 367 
328 370 
328 371 
328 372 
328 374 
328 375 
328 377 
328 382 
328 388 
329 332 
329 336 
329 337 
329 338 
329 341 
329 347 
329 351 
329 354 
329 355 
329 356 
329 359 
329 361 
329 365 
329 367 
329 368 
329 370 
329 371 
329 373 
329 374 
329 377 
329 380 
329 381 
329 383 
329 389 
329 391 
329 397 
329 398 
330 331 
330 337 
330 341 
330 343 
330 344 
330 345 
330 348 
330 351 
330 354 
330 356 
330 357 
330 365 
330 371 
330 372 
330 378 
330 379 
330 381 
330 386 
330 388 
330 390 
330 392 
330 395 
330 396 
330 397 
331 332 
331 337 
331 339 
331 341 
331 342 
331 344 
331 346 
331 347 
331 348 
331 352 
331 354 
331 356 
331 358 
331 362 
331 366 
331 368 
331 369 
331 370 
331 372 
331 373 
331 375 
331 379 
331 385 
331 388 
331 390 
331 394 
331 395 
332 333 
332 335 
332 336 
332 338 
332 339 
332 340 
332 343 
332 352 
332 358 
332 360 
332 364 
332 368 
332 379 
332 382 
332 386 
332 387 
332 388 
332 390 
332 391 
332 392 
332 394 
332 395 
332 397 
333 334 
333 336 
333 338 
333 341 
333 342 
333 343 
333 351 
333 352 
333 353 
333 355 
333 356 
333 357 
333 359 
333 361 
333 362 
333 363 
333 364 
333 366 
333 367 
333 368 
333 369 
333 371 
333 374 
333 381 
333 382 
333 385 
333 387 
333 396 
333 397 
333 398 
333 399 
334 336 
334 337 
334 338 
334 345 
334 347 
334 349 
334 350 
334 351 
334 352 
334 357 
334 360 
334 364 
334 366 
334 367 
334 368 
334 381 
334 385 
334 394 
335 336 
335 342 
335 343 
335 345 
335 346 
335 347 
335 348 
335 352 
335 353 
335 355 
335 356 
335 360 
335 361 
335 363 
335 365 
335 368 
335 374 
335 375 
335 377 
335 379 
335 380 
335 383 
335 385 
335 390 
335 395 
336 338 
336 339 
336 343 
336 345 
336 346 
336 348 
336 351 
336 352 
336 359 
336 360 
336 362 
336 364 
336 365 
336 366 
336 367 
336 368 
336 370 
336 374 
336 377 
336 378 
336 379 
336 380 
336 383 
336 389 
336 395 
336 396 
337 344 
337 345 
337 346 
337 349 
337 352 
337 359 
337 364 
337 365 
337 371 
337 373 
337 375 
337 376 
337 377 
337 381 
337 382 
337 383 
337 387 
337 388 
337 390 
337 391 
337 393 
337 399 
338 344 
338 349 
338 355 
338 357 
338 360 
338 362 
338 364 
338 373 
338 377 
338 379 
338 381 
338 382 
338 383 
338 386 
338 389 
338 391 
338 394 
338 396 
338 398 
338 399 
339 344 
339 345 
339 348 
339 349 
339 352 
339 354 
339 355 
339 360 
339 364 
339 365 
339 368 
339 369 
339 372 
339 373 
339 374 
339 377 
339 379 
339 382 
339 384 
339 385 
339 387 
339 388 
339 389 
339 390 
339 397 
340 341 
340 345 
340 349 
340 352 
340 353 
340 354 
340 358 
340 360 
340 361 
340 364 
340 365 
340 367 
340 368 
340 369 
340 372 
340 374 
340 375 
340 378 
340 380 
340 382 
340 388 
340 389 
340 390 
340 392 
340 394 
340 396 
341 346 
341 347 
341 349 
341 351 
341 352 
341 353 
341 355 
341 356 
341 357 
341 360 
341 361 
341 364 
341 370 
341 375 
341 378 
341 379 
341 380 
341 383 
341 384 
341 386 
341 388 
341 390 
341 392 
341 395 
341 398 
342 350 
342 352 
342 355 
342 357 
342 358 
342 359 
342 360 
342 361 
342 362 
342 366 
342 368 
342 371 
342 376 
342 377 
342 381 
342 383 
342 385 
342 398 
343 347 
343 348 
343 349 
343 350 
343 353 
343 356 
343 359 
343 367 
343 368 
343 370 
343 371 
343 372 
343 375 
343 377 
343 378 
343 380 
343 383 
343 385 
343 386 
343 389 
343 391 
343 392 
343 393 
343 394 
343 396 
343 397 
344 348 
344 351 
344 354 
344 355 
344 357 
344 361 
344 363 
344 364 
344 365 
344 367 
344 368 
344 375 
344 378 
344 384 
344 386 
344 387 
344 388 
344 391 
344 395 
344 398 
345 346 
345 347 
345 348 
345 351 
345 352 
345 360 
345 365 
345 366 
345 370 
345 374 
345 376 
345 379 
345 388 
345 389 
345 391 
345 393 
345 394 
345 395 
345 397 
345 398 
346 348 
346 353 
346 354 
346 357 
346 359 
346 361 
346 366 
346 368 
346 370 
346 371 
346 372 
346 375 
346 378 
346 380 
346 381 
346 383 
346 385 
346 387 
346 393 
346 394 
346 395 
346 396 
346 397 
347 351 
347 353 
347 356 
347 359 
347 362 
347 363 
347 364 
347 365 
347 366 
347 367 
347 368 
347 369 
347 374 
347 375 
347 378 
347 380 
347 381 
347 382 
347 383 
347 387 
347 389 
347 397 
347 398 
348 349 
348 351 
348 352 
348 353 
348 354 
348 358 
348 359 
348 361 
348 366 
348 367 
348 376 
348 377 
348 378 
348 379 
348 380 
348 382 
348 385 
348 388 
348 393 
348 396 
348 397 
349 350 
349 352 
349 353 
349 355 
349 357 
349 358 
349 363 
349 367 
349 369 
349 370 
349 375 
349 377 
349 378 
349 379 
349 382 
349 383 
349 394 
349 398 
349 399 
350 351 
350 354 
350 356 
350 357 
350 359 
350 365 
350 366 
350 369 
350 375 
350 381 
350 382 
350 383 
350 387 
350 388 
350 389 
350 395 
350 397 
351 356 
351 357 
351 365 
351 366 
351 367 
351 369 
351 370 
351 372 
351 375 
351 379 
351 383 
351 385 
351 386 
351 387 
351 391 
351 392 
351 394 
351 395 
352 354 
352 355 
352 360 
352 361 
352 370 
352 371 
352 373 
352 375 
352 377 
352 378 
352 381 
352 383 
352 387 
352 389 
352 391 
352 392 
352 393 
352 394 
352 395 
352 398 
352 399 
353 354 
353 357 
353 359 
353 362 
353 363 
353 364 
353 365 
353 367 
353 369 
353 370 
353 371 
353 373 
353 374 
353 376 
353 377 
353 378 
353 379 
353 382 
353 385 
353 393 
353 394 
353 396 
353 398 
354 356 
354 362 
354 363 
354 372 
354 379 
354 382 
354 383 
354 386 
354 389 
354 392 
354 394 
354 395 
355 357 
355 358 
355 364 
355 365 
355 366 
355 369 
355 371 
355 373 
355 378 
355 379 
355 380 
355 383 
355 384 
355 392 
355 395 
355 397 
355 399 
356 365 
356 366 
356 368 
356 370 
356 376 
356 377 
356 379 
356 382 
356 383 
356 385 
356 390 
356 396 
356 399 
357 359 
357 361 
357 365 
357 368 
357 372 
357 374 
357 375 
357 380 
357 382 
357 384 
357 386 
357 387 
357 389 
357 391 
357 393 
357 395 
357 396 
357 398 
358 360 
358 362 
358 363 
358 365 
358 366 
358 367 
358 371 
358 372 
358 378 
358 379 
358 380 
358 381 
358 387 
358 397 
359 361 
359 363 
359 365 
359 366 
359 368 
359 374 
359 376 
359 379 
359 380 
359 385 
359 388 
359 390 
359 393 
359 397 
359 398 
359 399 
360 368 
360 372 
360 374 
360 377 
360 381 
360 385 
360 386 
360 387 
360 389 
360 391 
360 392 
360 393 
360 397 
360 398 
360 399 
361 363 
361 364 
361 365 
361 367 
361 369 
361 371 
361 372 
361 374 
361 381 
361 382 
361 385 
361 389 
361 392 
361 393 
361 394 
361 395 
361 398 
361 399 
362 363 
362 365 
362 369 
362 373 
362 376 
362 379 
362 380 
362 382 
362 384 
362 388 
362 391 
362 394 
362 397 
362 398 
363 364 
363 367 
363 368 
363 373 
363 376 
363 381 
363 385 
363 388 
363 389 
363 394 
363 397 
363 398 
364 366 
364 368 
364 377 
364 378 
364 380 
364 386 
364 387 
364 397 
364 398 
364 399 
365 366 
365 368 
365 369 
365 377 
365 378 
365 379 
365 385 
365 387 
365 390 
365 391 
365 392 
365 393 
365 397 
365 399 
366 367 
366 369 
366 375 
366 376 
366 377 
366 380 
366 382 
366 383 
366 388 
366 389 
366 390 
366 394 
366 395 
366 396 
366 397 
366 398 
367 369 
367 372 
367 375 
367 377 
367 379 
367 381 
367 384 
367 387 
367 391 
367 393 
367 394 
367 396 
367 397 
367 398 
367 399 
368 371 
368 373 
368 374 
368 375 
368 379 
368 381 
368 382 
368 383 
368 387 
368 390 
368 391 
368 395 
368 396 
368 399 
369 372 
369 374 
369 376 
369 378 
369 382 
369 384 
369 385 
369 387 
369 388 
369 390 
369 395 
369 397 
369 398 
369 399 
370 373 
370 378 
370 379 
370 380 
370 382 
370 385 
370 398 
370 399 
371 372 
371 373 
371 374 
371 380 
371 382 
371 385 
371 388 
371 392 
372 373 
372 374 
372 376 
372 379 
372 380 
372 382 
372 387 
372 393 
372 394 
372 395 
372 396 
372 397 
372 399 
373 377 
373 381 
373 383 
373 388 
373 389 
373 391 
373 393 
373 395 
373 396 
373 397 
374 375 
374 376 
374 378 
374 379 
374 384 
374 385 
374 395 
374 396 
374 397 
374 399 
375 377 
375 379 
375 380 
375 383 
375 387 
375 389 
375 391 
375 392 
375 394 
375 395 
375 397 
375 399 
376 378 
376 380 
376 381 
376 382 
376 386 
376 391 
376 392 
376 394 
376 398 
376 399 
377 381 
377 382 
377 384 
377 388 
377 393 
377 394 
377 395 
377 397 
377 398 
378 379 
378 380 
378 381 
378 383 
378 385 
378 387 
378 388 
378 390 
378 398 
379 382 
379 385 
379 386 
379 387 
379 388 
379 390 
379 392 
379 397 
379 398 
379 399 
380 381 
380 382 
380 387 
380 389 
380 390 
380 392 
380 394 
380 396 
380 397 
380 398 
381 383 
381 386 
381 389 
381 390 
381 397 
382 384 
382 387 
382 388 
382 394 
382 395 
382 396 
383 387 
383 394 
383 395 
383 398 
384 387 
384 388 
384 392 
384 395 
384 398 
385 390 
385 393 
385 397 
385 399 
386 387 
386 388 
386 391 
386 392 
386 395 
386 397 
387 388 
387 394 
387 397 
387 399 
388 392 
388 394 
388 395 
388 396 
388 397 
388 398 
388 399 
389 393 
390 393 
390 394 
390 395 
391 397 
391 399 
392 395 
392 396 
392 399 
393 395 
393 396 
393 397 
393 399 
394 398 
395 396 
395 397 
395 398 
396 399 
