0.4 0.004 
0 5 
0 7 
0 10 
0 12 
0 13 
0 20 
0 21 
0 25 
0 31 
0 32 
0 34 
0 35 
0 37 
0 39 
0 40 
0 42 
0 43 
0 44 
0 47 
0 48 
0 50 
0 51 
0 60 
0 61 
0 63 
0 64 
0 68 
0 69 
0 71 
0 73 
0 75 
0 77 
0 79 
0 81 
0 83 
0 86 
0 88 
0 90 
0 91 
0 93 
0 238 
1 2 
1 3 
1 4 
1 6 
1 7 
1 11 
1 15 
1 16 
1 18 
1 20 
1 21 
1 22 
1 30 
1 31 
1 33 
1 36 
1 38 
1 39 
1 44 
1 46 
1 49 
1 55 
1 56 
1 57 
1 61 
1 64 
1 66 
1 67 
1 69 
1 72 
1 73 
1 74 
1 76 
1 77 
1 79 
1 81 
1 83 
1 84 
1 85 
1 89 
1 90 
1 91 
1 93 
1 95 
1 99 
1 176 
2 8 
2 9 
2 13 
2 14 
2 15 
2 19 
2 22 
2 25 
2 26 
2 27 
2 29 
2 34 
2 35 
2 36 
2 37 
2 39 
2 40 
2 41 
2 51 
2 52 
2 55 
2 56 
2 57 
2 61 
2 63 
2 67 
2 68 
2 72 
2 73 
2 74 
2 75 
2 78 
2 80 
2 81 
2 82 
2 83 
2 87 
2 89 
2 90 
2 91 
2 93 
2 98 
3 5 
3 11 
3 12 
3 15 
3 16 
3 17 
3 19 
3 21 
3 25 
3 27 
3 28 
3 29 
3 33 
3 35 
3 36 
3 37 
3 38 
3 39 
3 40 
3 45 
3 46 
3 47 
3 50 
3 51 
3 52 
3 53 
3 55 
3 56 
3 61 
3 63 
3 64 
3 66 
3 68 
3 76 
3 77 
3 80 
3 82 
3 83 
3 86 
3 88 
3 90 
3 95 
3 97 
3 98 
3 99 
3 350 
4 10 
4 13 
4 16 
4 18 
4 22 
4 24 
4 25 
4 27 
4 28 
4 29 
4 31 
4 33 
4 36 
4 41 
4 43 
4 44 
4 45 
4 49 
4 50 
4 51 
4 56 
4 58 
4 59 
4 66 
4 79 
4 80 
4 82 
4 83 
4 84 
4 88 
4 90 
4 94 
4 96 
4 98 
4 99 
4 372 
4 379 
5 8 
5 14 
5 16 
5 18 
5 24 
5 35 
5 39 
5 42 
5 44 
5 46 
5 47 
5 52 
5 53 
5 54 
5 57 
5 59 
5 60 
5 61 
5 62 
5 63 
5 66 
5 71 
5 72 
5 74 
5 82 
5 83 
5 88 
5 92 
5 93 
5 95 
5 96 
5 97 
5 98 
5 99 
6 8 
6 12 
6 14 
6 15 
6 18 
6 23 
6 24 
6 27 
6 28 
6 38 
6 39 
6 40 
6 41 
6 42 
6 45 
6 46 
6 47 
6 48 
6 52 
6 59 
6 61 
6 62 
6 65 
6 66 
6 68 
6 77 
6 81 
6 82 
6 84 
6 85 
6 87 
6 88 
6 89 
6 90 
6 95 
6 96 
6 97 
6 259 
7 8 
7 10 
7 16 
7 17 
7 20 
7 21 
7 22 
7 24 
7 26 
7 30 
7 32 
7 34 
7 35 
7 36 
7 45 
7 49 
7 50 
7 53 
7 54 
7 57 
7 59 
7 60 
7 63 
7 66 
7 68 
7 69 
7 70 
7 73 
7 76 
7 78 
7 84 
7 85 
7 87 
7 88 
7 89 
7 90 
7 93 
7 99 
7 103 
7 333 
8 12 
8 22 
8 25 
8 26 
8 30 
8 31 
8 33 
8 34 
8 38 
8 39 
8 40 
8 41 
8 42 
8 46 
8 47 
8 48 
8 52 
8 53 
8 56 
8 57 
8 58 
8 59 
8 61 
8 63 
8 66 
8 69 
8 74 
8 77 
8 79 
8 85 
8 86 
8 90 
8 91 
8 93 
8 145 
8 153 
9 10 
9 12 
9 13 
9 15 
9 17 
9 22 
9 24 
9 25 
9 27 
9 31 
9 32 
9 40 
9 41 
9 45 
9 46 
9 47 
9 49 
9 56 
9 57 
9 59 
9 60 
9 62 
9 65 
9 66 
9 67 
9 68 
9 69 
9 70 
9 72 
9 78 
9 81 
9 83 
9 84 
9 88 
9 91 
9 93 
9 95 
9 97 
9 102 
9 215 
9 224 
10 11 
10 12 
10 14 
10 17 
10 18 
10 28 
10 30 
10 32 
10 40 
10 41 
10 47 
10 49 
10 52 
10 54 
10 55 
10 57 
10 61 
10 63 
10 64 
10 66 
10 67 
10 68 
10 70 
10 71 
10 73 
10 74 
10 75 
10 76 
10 82 
10 83 
10 84 
10 85 
10 87 
10 91 
10 93 
10 94 
10 95 
10 97 
11 12 
11 13 
11 14 
11 18 
11 22 
11 27 
11 28 
11 29 
11 31 
11 33 
11 35 
11 36 
11 41 
11 43 
11 44 
11 45 
11 48 
11 58 
11 59 
11 62 
11 65 
11 67 
11 68 
11 71 
11 76 
11 80 
11 82 
11 91 
11 98 
12 13 
12 16 
12 17 
12 18 
12 19 
12 20 
12 25 
12 27 
12 30 
12 43 
12 45 
12 46 
12 47 
12 48 
12 49 
12 52 
12 57 
12 60 
12 61 
12 62 
12 65 
12 66 
12 67 
12 68 
12 69 
12 75 
12 78 
12 84 
12 85 
12 90 
12 91 
12 93 
12 94 
12 96 
13 15 
13 16 
13 18 
13 19 
13 20 
13 21 
13 22 
13 25 
13 26 
13 33 
13 35 
13 40 
13 48 
13 49 
13 50 
13 51 
13 52 
13 56 
13 57 
13 63 
13 66 
13 67 
13 68 
13 72 
13 75 
13 76 
13 77 
13 78 
13 83 
13 91 
13 97 
13 169 
14 16 
14 17 
14 19 
14 24 
14 25 
14 26 
14 34 
14 36 
14 38 
14 41 
14 42 
14 43 
14 45 
14 47 
14 48 
14 49 
14 50 
14 55 
14 56 
14 57 
14 59 
14 61 
14 63 
14 72 
14 73 
14 80 
14 82 
14 83 
14 84 
14 85 
14 88 
14 90 
14 91 
14 92 
14 93 
14 98 
14 254 
15 16 
15 19 
15 20 
15 21 
15 22 
15 24 
15 31 
15 40 
15 43 
15 45 
15 46 
15 47 
15 50 
15 53 
15 55 
15 57 
15 58 
15 59 
15 60 
15 62 
15 64 
15 65 
15 68 
15 71 
15 73 
15 75 
15 76 
15 77 
15 78 
15 79 
15 81 
15 82 
15 83 
15 85 
15 89 
15 92 
15 94 
15 98 
15 99 
15 187 
16 17 
16 18 
16 19 
16 20 
16 22 
16 23 
16 30 
16 35 
16 37 
16 38 
16 42 
16 43 
16 47 
16 48 
16 50 
16 52 
16 53 
16 54 
16 56 
16 58 
16 59 
16 63 
16 66 
16 68 
16 73 
16 77 
16 79 
16 81 
16 84 
16 85 
16 88 
16 89 
16 91 
16 93 
16 95 
16 98 
17 19 
17 22 
17 24 
17 27 
17 32 
17 33 
17 35 
17 36 
17 39 
17 43 
17 45 
17 46 
17 50 
17 53 
17 57 
17 60 
17 61 
17 63 
17 66 
17 67 
17 68 
17 70 
17 72 
17 75 
17 77 
17 81 
17 86 
17 88 
17 91 
17 92 
17 93 
17 99 
18 19 
18 22 
18 23 
18 24 
18 28 
18 31 
18 32 
18 33 
18 37 
18 38 
18 43 
18 45 
18 46 
18 50 
18 51 
18 53 
18 59 
18 60 
18 63 
18 65 
18 66 
18 69 
18 72 
18 73 
18 75 
18 77 
18 79 
18 82 
18 87 
18 88 
18 91 
18 93 
18 98 
19 22 
19 23 
19 24 
19 27 
19 28 
19 30 
19 32 
19 36 
19 38 
19 41 
19 44 
19 47 
19 49 
19 50 
19 52 
19 53 
19 54 
19 55 
19 57 
19 60 
19 64 
19 71 
19 72 
19 73 
19 75 
19 77 
19 82 
19 83 
19 85 
19 90 
19 92 
19 93 
19 95 
19 99 
19 203 
19 323 
20 23 
20 25 
20 26 
20 27 
20 28 
20 29 
20 32 
20 34 
20 40 
20 46 
20 49 
20 51 
20 55 
20 56 
20 58 
20 60 
20 62 
20 68 
20 70 
20 72 
20 74 
20 76 
20 77 
20 78 
20 81 
20 85 
20 86 
20 87 
20 90 
20 92 
20 98 
21 22 
21 24 
21 26 
21 28 
21 33 
21 34 
21 35 
21 40 
21 43 
21 57 
21 58 
21 61 
21 62 
21 66 
21 67 
21 69 
21 70 
21 71 
21 72 
21 80 
21 81 
21 82 
21 85 
21 91 
21 95 
21 97 
21 135 
21 245 
22 23 
22 25 
22 26 
22 27 
22 28 
22 29 
22 31 
22 35 
22 40 
22 42 
22 43 
22 44 
22 50 
22 52 
22 53 
22 54 
22 62 
22 63 
22 68 
22 70 
22 75 
22 77 
22 81 
22 86 
22 87 
22 89 
22 90 
22 92 
22 93 
22 95 
22 98 
23 24 
23 25 
23 28 
23 33 
23 38 
23 40 
23 43 
23 44 
23 46 
23 48 
23 58 
23 59 
23 61 
23 67 
23 68 
23 73 
23 76 
23 78 
23 79 
23 80 
23 82 
23 90 
23 93 
23 157 
24 26 
24 29 
24 32 
24 33 
24 36 
24 37 
24 41 
24 42 
24 46 
24 47 
24 49 
24 51 
24 53 
24 60 
24 62 
24 66 
24 67 
24 69 
24 70 
24 71 
24 76 
24 78 
24 79 
24 80 
24 81 
24 83 
24 86 
24 87 
24 89 
24 90 
24 96 
24 99 
24 234 
24 298 
25 31 
25 35 
25 39 
25 40 
25 42 
25 45 
25 46 
25 52 
25 59 
25 61 
25 62 
25 65 
25 67 
25 68 
25 69 
25 73 
25 78 
25 80 
25 81 
25 85 
25 86 
25 87 
25 88 
25 96 
25 166 
26 28 
26 29 
26 31 
26 35 
26 38 
26 40 
26 42 
26 43 
26 44 
26 46 
26 47 
26 50 
26 52 
26 54 
26 55 
26 57 
26 58 
26 59 
26 60 
26 61 
26 63 
26 65 
26 66 
26 67 
26 68 
26 70 
26 74 
26 78 
26 80 
26 81 
26 85 
26 90 
26 92 
26 93 
26 96 
26 349 
27 28 
27 29 
27 32 
27 36 
27 37 
27 42 
27 43 
27 46 
27 50 
27 55 
27 57 
27 58 
27 60 
27 61 
27 64 
27 65 
27 67 
27 71 
27 73 
27 76 
27 79 
27 80 
27 81 
27 83 
27 84 
27 86 
27 92 
27 93 
27 94 
27 97 
27 246 
28 30 
28 31 
28 33 
28 35 
28 37 
28 39 
28 40 
28 43 
28 45 
28 46 
28 47 
28 50 
28 53 
28 54 
28 60 
28 61 
28 62 
28 63 
28 74 
28 76 
28 80 
28 81 
28 83 
28 86 
28 87 
28 89 
28 90 
28 93 
28 95 
28 96 
28 99 
28 279 
29 31 
29 35 
29 39 
29 40 
29 41 
29 45 
29 49 
29 51 
29 53 
29 56 
29 58 
29 59 
29 71 
29 72 
29 75 
29 77 
29 79 
29 80 
29 82 
29 84 
29 85 
29 88 
29 92 
29 95 
29 96 
29 97 
30 31 
30 32 
30 33 
30 37 
30 38 
30 39 
30 40 
30 41 
30 42 
30 51 
30 52 
30 56 
30 60 
30 66 
30 68 
30 70 
30 76 
30 80 
30 81 
30 86 
30 87 
30 88 
30 89 
30 90 
30 94 
31 33 
31 34 
31 36 
31 41 
31 42 
31 50 
31 53 
31 61 
31 66 
31 68 
31 69 
31 76 
31 78 
31 80 
31 81 
31 83 
31 85 
31 86 
31 87 
31 89 
31 90 
31 91 
31 95 
31 96 
31 99 
32 35 
32 39 
32 42 
32 45 
32 47 
32 48 
32 51 
32 54 
32 57 
32 63 
32 65 
32 66 
32 71 
32 74 
32 75 
32 76 
32 78 
32 80 
32 84 
32 86 
32 88 
32 93 
32 94 
32 95 
32 161 
33 34 
33 40 
33 43 
33 48 
33 53 
33 54 
33 57 
33 61 
33 62 
33 63 
33 71 
33 73 
33 74 
33 76 
33 77 
33 79 
33 81 
33 82 
33 83 
33 84 
33 85 
33 86 
33 87 
33 88 
33 89 
33 90 
33 94 
33 98 
33 99 
33 151 
34 35 
34 37 
34 38 
34 40 
34 42 
34 44 
34 45 
34 46 
34 49 
34 50 
34 52 
34 54 
34 57 
34 59 
34 60 
34 63 
34 64 
34 66 
34 70 
34 71 
34 75 
34 76 
34 77 
34 78 
34 87 
34 88 
34 96 
34 97 
34 268 
35 36 
35 37 
35 40 
35 41 
35 42 
35 45 
35 46 
35 47 
35 49 
35 56 
35 59 
35 61 
35 63 
35 64 
35 66 
35 68 
35 72 
35 75 
35 76 
35 79 
35 82 
35 85 
35 89 
35 91 
35 95 
35 98 
36 40 
36 44 
36 48 
36 49 
36 52 
36 54 
36 55 
36 56 
36 58 
36 59 
36 60 
36 65 
36 66 
36 67 
36 71 
36 72 
36 73 
36 81 
36 83 
36 84 
36 85 
36 87 
36 90 
36 92 
36 93 
36 94 
36 95 
36 244 
36 319 
36 390 
37 44 
37 46 
37 50 
37 51 
37 58 
37 59 
37 60 
37 61 
37 63 
37 64 
37 69 
37 76 
37 78 
37 86 
37 88 
37 90 
37 91 
37 94 
37 98 
38 39 
38 41 
38 42 
38 43 
38 46 
38 48 
38 50 
38 52 
38 54 
38 59 
38 61 
38 62 
38 64 
38 65 
38 67 
38 68 
38 72 
38 74 
38 75 
38 76 
38 79 
38 83 
38 87 
38 88 
38 93 
38 96 
38 98 
38 99 
39 40 
39 41 
39 44 
39 46 
39 47 
39 48 
39 49 
39 54 
39 56 
39 58 
39 64 
39 66 
39 67 
39 74 
39 75 
39 84 
39 85 
39 89 
39 90 
39 92 
39 93 
39 96 
39 111 
39 395 
40 44 
40 46 
40 49 
40 51 
40 54 
40 55 
40 58 
40 59 
40 60 
40 62 
40 65 
40 66 
40 71 
40 73 
40 74 
40 75 
40 76 
40 78 
40 79 
40 82 
40 84 
40 86 
40 88 
40 91 
40 92 
40 93 
40 96 
40 182 
40 205 
40 387 
41 47 
41 52 
41 55 
41 58 
41 64 
41 67 
41 69 
41 71 
41 73 
41 74 
41 79 
41 81 
41 84 
41 87 
41 88 
41 89 
41 98 
41 329 
42 44 
42 47 
42 50 
42 51 
42 53 
42 59 
42 60 
42 61 
42 62 
42 63 
42 67 
42 68 
42 73 
42 76 
42 89 
42 92 
42 95 
42 97 
42 98 
42 391 
43 49 
43 51 
43 56 
43 57 
43 58 
43 59 
43 62 
43 65 
43 67 
43 72 
43 73 
43 77 
43 78 
43 80 
43 81 
43 84 
43 86 
43 87 
43 88 
43 280 
44 49 
44 51 
44 54 
44 59 
44 61 
44 63 
44 65 
44 76 
44 77 
44 80 
44 81 
44 83 
44 85 
44 89 
44 91 
44 93 
44 99 
44 157 
44 214 
44 353 
44 377 
45 47 
45 48 
45 50 
45 52 
45 54 
45 59 
45 60 
45 61 
45 63 
45 64 
45 65 
45 68 
45 72 
45 75 
45 76 
45 77 
45 78 
45 79 
45 83 
45 84 
45 85 
45 86 
45 88 
45 90 
45 92 
45 93 
45 252 
46 48 
46 51 
46 53 
46 54 
46 56 
46 58 
46 62 
46 63 
46 69 
46 72 
46 75 
46 81 
46 84 
46 86 
46 87 
46 89 
46 90 
46 91 
46 96 
46 99 
46 193 
46 370 
47 54 
47 55 
47 58 
47 59 
47 63 
47 66 
47 67 
47 70 
47 71 
47 72 
47 73 
47 77 
47 78 
47 79 
47 81 
47 82 
47 83 
47 84 
47 85 
47 94 
47 95 
47 96 
47 97 
47 104 
47 112 
47 138 
47 220 
47 291 
48 49 
48 55 
48 59 
48 61 
48 66 
48 67 
48 70 
48 71 
48 73 
48 74 
48 77 
48 81 
48 84 
48 86 
48 93 
48 94 
48 95 
48 98 
48 99 
48 159 
49 51 
49 53 
49 56 
49 61 
49 62 
49 67 
49 68 
49 69 
49 71 
49 72 
49 73 
49 74 
49 78 
49 82 
49 84 
49 86 
49 90 
49 91 
49 95 
49 96 
50 52 
50 54 
50 56 
50 57 
50 59 
50 60 
50 61 
50 62 
50 63 
50 65 
50 68 
50 71 
50 73 
50 74 
50 77 
50 79 
50 80 
50 84 
50 85 
50 91 
50 92 
50 95 
50 98 
50 102 
50 265 
50 291 
51 52 
51 58 
51 63 
51 65 
51 71 
51 73 
51 74 
51 76 
51 80 
51 87 
51 90 
51 92 
51 96 
51 97 
51 98 
51 99 
51 369 
52 54 
52 57 
52 60 
52 65 
52 67 
52 70 
52 71 
52 72 
52 76 
52 78 
52 81 
52 82 
52 83 
52 87 
52 89 
52 93 
52 96 
52 97 
52 98 
52 144 
53 54 
53 55 
53 56 
53 57 
53 58 
53 59 
53 60 
53 61 
53 62 
53 63 
53 66 
53 67 
53 68 
53 71 
53 72 
53 83 
53 87 
53 91 
53 94 
53 109 
53 346 
54 56 
54 58 
54 59 
54 64 
54 65 
54 66 
54 68 
54 69 
54 71 
54 72 
54 74 
54 75 
54 77 
54 80 
54 83 
54 87 
54 92 
54 93 
54 95 
55 56 
55 57 
55 58 
55 63 
55 68 
55 75 
55 77 
55 78 
55 83 
55 88 
55 91 
55 94 
55 96 
55 98 
55 99 
55 212 
55 287 
55 327 
56 57 
56 58 
56 60 
56 61 
56 63 
56 66 
56 67 
56 68 
56 70 
56 71 
56 72 
56 77 
56 78 
56 79 
56 92 
56 93 
56 133 
56 350 
56 353 
57 62 
57 63 
57 68 
57 69 
57 70 
57 78 
57 80 
57 82 
57 83 
57 86 
57 94 
57 95 
57 96 
57 98 
57 99 
57 234 
58 59 
58 60 
58 62 
58 65 
58 67 
58 68 
58 69 
58 70 
58 75 
58 76 
58 79 
58 80 
58 84 
58 92 
58 93 
58 95 
58 97 
58 98 
58 99 
58 109 
58 155 
58 169 
58 307 
59 60 
59 61 
59 62 
59 63 
59 65 
59 67 
59 68 
59 70 
59 75 
59 76 
59 77 
59 81 
59 84 
59 86 
59 87 
59 88 
59 91 
59 92 
59 97 
59 287 
60 64 
60 65 
60 70 
60 71 
60 74 
60 76 
60 77 
60 79 
60 82 
60 84 
60 85 
60 87 
60 91 
60 93 
60 97 
60 99 
60 159 
60 266 
60 378 
61 62 
61 72 
61 76 
61 77 
61 80 
61 83 
61 87 
61 89 
61 90 
61 91 
61 93 
61 94 
61 95 
61 97 
61 98 
61 357 
62 63 
62 66 
62 75 
62 78 
62 80 
62 81 
62 83 
62 85 
62 88 
62 92 
62 95 
62 98 
62 344 
63 66 
63 67 
63 68 
63 70 
63 71 
63 79 
63 80 
63 82 
63 83 
63 85 
63 88 
63 90 
63 91 
63 92 
63 93 
63 95 
63 98 
63 99 
63 115 
64 65 
64 66 
64 67 
64 69 
64 74 
64 79 
64 80 
64 83 
64 84 
64 85 
64 87 
64 88 
64 89 
64 91 
64 92 
64 95 
64 96 
64 97 
64 99 
64 291 
65 70 
65 71 
65 74 
65 76 
65 79 
65 80 
65 81 
65 82 
65 83 
65 86 
65 87 
65 88 
65 94 
65 95 
65 98 
65 99 
65 151 
65 216 
65 218 
66 69 
66 71 
66 73 
66 74 
66 76 
66 77 
66 79 
66 80 
66 85 
66 92 
66 94 
66 95 
66 99 
67 69 
67 72 
67 79 
67 85 
67 88 
67 89 
67 94 
67 95 
67 96 
67 97 
67 99 
68 70 
68 71 
68 77 
68 80 
68 81 
68 83 
68 86 
68 87 
68 94 
68 96 
68 97 
69 70 
69 71 
69 73 
69 76 
69 78 
69 79 
69 80 
69 81 
69 85 
69 90 
69 112 
69 291 
69 314 
70 73 
70 74 
70 78 
70 80 
70 82 
70 83 
70 88 
70 89 
70 91 
70 92 
70 93 
70 95 
70 97 
71 74 
71 76 
71 78 
71 81 
71 83 
71 84 
71 88 
71 91 
71 92 
71 93 
71 94 
71 96 
71 97 
71 98 
71 213 
71 364 
72 74 
72 75 
72 76 
72 79 
72 82 
72 83 
72 86 
72 87 
72 88 
72 89 
72 91 
72 98 
72 100 
73 77 
73 80 
73 82 
73 84 
73 86 
73 88 
73 89 
73 91 
73 94 
73 95 
73 98 
73 344 
74 76 
74 77 
74 85 
74 86 
74 87 
74 92 
74 97 
74 99 
74 331 
75 76 
75 80 
75 89 
75 91 
75 95 
75 98 
75 99 
76 77 
76 82 
76 92 
76 93 
76 94 
76 95 
76 98 
76 99 
77 84 
77 94 
77 96 
77 97 
77 170 
77 204 
78 85 
78 86 
78 160 
78 237 
78 271 
79 84 
79 85 
79 88 
79 91 
79 92 
79 96 
79 97 
79 99 
79 282 
79 285 
79 381 
80 82 
80 84 
80 87 
80 89 
80 91 
80 92 
80 94 
80 97 
80 98 
80 174 
80 374 
81 90 
81 91 
81 95 
81 96 
81 99 
82 85 
82 87 
82 90 
82 95 
82 99 
82 208 
82 228 
83 84 
83 85 
83 89 
83 91 
83 92 
83 93 
83 95 
83 96 
84 86 
84 88 
84 89 
84 92 
84 94 
84 96 
84 97 
84 99 
84 358 
85 87 
85 90 
85 91 
85 92 
85 93 
85 95 
85 96 
85 98 
86 91 
86 99 
86 156 
86 212 
87 88 
87 93 
87 95 
87 96 
87 97 
87 98 
87 99 
87 126 
87 382 
88 91 
88 94 
88 95 
88 99 
88 132 
89 90 
89 92 
89 97 
89 99 
89 106 
89 268 
90 91 
90 92 
90 94 
90 182 
90 189 
91 92 
91 93 
91 94 
91 96 
91 97 
91 223 
92 96 
92 97 
92 99 
93 95 
93 96 
93 98 
93 152 
93 243 
93 366 
94 95 
94 98 
94 99 
95 96 
95 99 
96 98 
96 99 
96 238 
97 98 
97 99 
97 104 
97 340 
98 99 
99 201 
99 356 
100 101 
100 105 
100 106 
100 107 
100 114 
100 118 
100 120 
100 123 
100 125 
100 126 
100 127 
100 136 
100 141 
100 147 
100 148 
100 156 
100 157 
100 160 
100 161 
100 162 
100 164 
100 168 
100 172 
100 174 
100 180 
100 185 
100 186 
100 187 
100 188 
100 190 
100 192 
100 197 
100 316 
101 102 
101 103 
101 107 
101 109 
101 110 
101 114 
101 118 
101 122 
101 123 
101 125 
101 126 
101 129 
101 133 
101 136 
101 138 
101 139 
101 141 
101 143 
101 144 
101 147 
101 148 
101 152 
101 153 
101 154 
101 157 
101 158 
101 161 
101 165 
101 167 
101 169 
101 171 
101 175 
101 179 
101 182 
101 184 
101 186 
101 188 
101 189 
101 190 
101 194 
101 196 
101 198 
101 390 
102 103 
102 105 
102 107 
102 108 
102 110 
102 111 
102 114 
102 116 
102 117 
102 118 
102 119 
102 120 
102 123 
102 124 
102 125 
102 128 
102 138 
102 139 
102 141 
102 142 
102 143 
102 145 
102 148 
102 149 
102 150 
102 153 
102 156 
102 158 
102 163 
102 166 
102 167 
102 168 
102 175 
102 177 
102 182 
102 184 
102 189 
102 191 
102 193 
102 194 
102 197 
102 199 
102 267 
103 106 
103 107 
103 109 
103 122 
103 127 
103 130 
103 133 
103 136 
103 137 
103 141 
103 147 
103 148 
103 150 
103 151 
103 153 
103 156 
103 160 
103 161 
103 164 
103 165 
103 169 
103 170 
103 172 
103 173 
103 178 
103 179 
103 180 
103 181 
103 182 
103 183 
103 185 
103 188 
103 197 
104 107 
104 108 
104 109 
104 112 
104 126 
104 131 
104 135 
104 139 
104 143 
104 149 
104 152 
104 153 
104 155 
104 158 
104 160 
104 162 
104 164 
104 167 
104 172 
104 173 
104 178 
104 181 
104 184 
104 189 
104 192 
104 195 
104 197 
104 198 
104 334 
104 389 
105 106 
105 108 
105 111 
105 116 
105 119 
105 122 
105 126 
105 127 
105 130 
105 131 
105 132 
105 136 
105 137 
105 140 
105 145 
105 149 
105 151 
105 153 
105 159 
105 163 
105 169 
105 176 
105 179 
105 180 
105 183 
105 184 
105 187 
105 190 
105 193 
105 195 
105 198 
105 199 
105 365 
105 375 
105 389 
106 108 
106 109 
106 111 
106 116 
106 118 
106 124 
106 126 
106 128 
106 129 
106 130 
106 132 
106 133 
106 141 
106 143 
106 144 
106 145 
106 150 
106 151 
106 153 
106 156 
106 164 
106 171 
106 172 
106 180 
106 182 
106 185 
106 190 
106 194 
106 299 
107 111 
107 116 
107 117 
107 120 
107 121 
107 123 
107 126 
107 127 
107 129 
107 133 
107 138 
107 142 
107 144 
107 146 
107 147 
107 148 
107 150 
107 151 
107 152 
107 155 
107 156 
107 157 
107 158 
107 159 
107 161 
107 164 
107 165 
107 166 
107 167 
107 170 
107 171 
107 177 
107 178 
107 182 
107 183 
107 190 
107 192 
107 193 
107 194 
107 196 
107 199 
107 297 
108 110 
108 112 
108 113 
108 115 
108 117 
108 120 
108 122 
108 129 
108 131 
108 133 
108 135 
108 137 
108 138 
108 141 
108 142 
108 144 
108 145 
108 147 
108 148 
108 154 
108 157 
108 158 
108 159 
108 161 
108 163 
108 165 
108 166 
108 167 
108 168 
108 170 
108 172 
108 174 
108 175 
108 176 
108 178 
108 181 
108 182 
108 191 
108 192 
108 193 
108 194 
108 196 
108 197 
108 198 
109 110 
109 111 
109 112 
109 113 
109 114 
109 117 
109 123 
109 132 
109 135 
109 137 
109 139 
109 140 
109 143 
109 147 
109 148 
109 149 
109 151 
109 152 
109 157 
109 158 
109 161 
109 164 
109 167 
109 170 
109 172 
109 175 
109 176 
109 177 
109 179 
109 180 
109 195 
109 198 
109 199 
109 322 
110 112 
110 115 
110 116 
110 118 
110 119 
110 122 
110 128 
110 137 
110 142 
110 143 
110 147 
110 148 
110 156 
110 157 
110 159 
110 164 
110 165 
110 170 
110 171 
110 173 
110 174 
110 177 
110 184 
110 185 
110 186 
110 188 
110 189 
110 192 
110 193 
110 195 
110 196 
110 197 
110 198 
110 233 
110 277 
111 118 
111 120 
111 124 
111 126 
111 127 
111 133 
111 136 
111 137 
111 139 
111 140 
111 142 
111 143 
111 144 
111 147 
111 154 
111 155 
111 158 
111 159 
111 162 
111 166 
111 169 
111 175 
111 183 
111 184 
111 186 
111 188 
111 189 
111 194 
111 195 
111 198 
111 199 
111 207 
111 369 
112 116 
112 117 
112 126 
112 129 
112 131 
112 134 
112 136 
112 140 
112 142 
112 143 
112 149 
112 152 
112 154 
112 156 
112 157 
112 158 
112 162 
112 166 
112 167 
112 168 
112 169 
112 173 
112 174 
112 175 
112 176 
112 178 
112 181 
112 182 
112 185 
112 186 
112 188 
112 189 
112 194 
112 195 
112 199 
113 118 
113 120 
113 121 
113 122 
113 124 
113 127 
113 129 
113 133 
113 135 
113 136 
113 137 
113 141 
113 142 
113 146 
113 147 
113 151 
113 155 
113 157 
113 159 
113 160 
113 169 
113 170 
113 172 
113 173 
113 174 
113 176 
113 182 
113 183 
113 184 
113 187 
113 189 
113 190 
113 193 
113 194 
113 196 
114 115 
114 121 
114 123 
114 124 
114 131 
114 133 
114 134 
114 137 
114 138 
114 139 
114 141 
114 151 
114 153 
114 155 
114 159 
114 160 
114 163 
114 164 
114 165 
114 166 
114 167 
114 170 
114 171 
114 174 
114 176 
114 177 
114 188 
114 196 
114 197 
115 116 
115 118 
115 119 
115 120 
115 122 
115 124 
115 129 
115 130 
115 131 
115 132 
115 133 
115 135 
115 139 
115 141 
115 142 
115 145 
115 155 
115 156 
115 157 
115 158 
115 160 
115 164 
115 169 
115 170 
115 175 
115 178 
115 181 
115 186 
115 187 
115 191 
115 192 
115 194 
115 196 
116 117 
116 118 
116 119 
116 120 
116 121 
116 123 
116 125 
116 126 
116 127 
116 128 
116 129 
116 130 
116 133 
116 134 
116 135 
116 136 
116 137 
116 138 
116 142 
116 153 
116 158 
116 160 
116 161 
116 162 
116 163 
116 164 
116 167 
116 168 
116 171 
116 176 
116 178 
116 180 
116 184 
116 185 
116 186 
116 187 
116 192 
116 199 
116 293 
116 343 
117 118 
117 119 
117 120 
117 121 
117 123 
117 128 
117 130 
117 137 
117 143 
117 147 
117 157 
117 163 
117 165 
117 166 
117 167 
117 174 
117 178 
117 179 
117 181 
117 182 
117 184 
117 185 
117 189 
117 193 
117 194 
118 129 
118 130 
118 131 
118 134 
118 137 
118 142 
118 143 
118 147 
118 148 
118 152 
118 153 
118 154 
118 156 
118 158 
118 161 
118 162 
118 163 
118 164 
118 166 
118 169 
118 171 
118 172 
118 176 
118 183 
118 185 
118 186 
118 189 
118 194 
118 197 
118 199 
119 120 
119 121 
119 128 
119 134 
119 136 
119 141 
119 142 
119 147 
119 155 
119 159 
119 162 
119 163 
119 167 
119 168 
119 171 
119 172 
119 175 
119 178 
119 179 
119 180 
119 184 
119 185 
119 189 
119 192 
119 193 
119 194 
119 281 
120 121 
120 125 
120 128 
120 132 
120 135 
120 136 
120 138 
120 140 
120 144 
120 145 
120 146 
120 147 
120 150 
120 152 
120 153 
120 154 
120 159 
120 160 
120 163 
120 165 
120 166 
120 167 
120 170 
120 172 
120 173 
120 175 
120 181 
120 182 
120 184 
120 187 
120 196 
120 199 
121 124 
121 126 
121 127 
121 131 
121 135 
121 136 
121 137 
121 144 
121 146 
121 147 
121 149 
121 155 
121 156 
121 160 
121 164 
121 166 
121 167 
121 170 
121 172 
121 174 
121 175 
121 177 
121 178 
121 183 
121 186 
121 187 
121 188 
121 189 
121 190 
121 192 
121 195 
121 196 
121 197 
121 198 
121 199 
121 317 
122 128 
122 129 
122 130 
122 131 
122 133 
122 134 
122 135 
122 137 
122 143 
122 145 
122 147 
122 150 
122 151 
122 153 
122 157 
122 163 
122 165 
122 166 
122 170 
122 172 
122 174 
122 177 
122 178 
122 180 
122 181 
122 182 
122 185 
122 188 
122 190 
122 191 
122 192 
122 193 
122 194 
122 283 
122 301 
123 125 
123 127 
123 128 
123 130 
123 131 
123 133 
123 134 
123 137 
123 146 
123 150 
123 152 
123 156 
123 157 
123 158 
123 160 
123 163 
123 165 
123 167 
123 169 
123 172 
123 174 
123 176 
123 178 
123 180 
123 184 
123 185 
123 188 
123 191 
123 193 
123 195 
123 196 
123 197 
123 198 
123 357 
124 125 
124 129 
124 130 
124 132 
124 134 
124 141 
124 147 
124 152 
124 154 
124 155 
124 156 
124 157 
124 162 
124 164 
124 165 
124 168 
124 171 
124 172 
124 174 
124 175 
124 177 
124 178 
124 182 
124 183 
124 186 
124 187 
124 189 
124 195 
124 197 
124 199 
124 233 
125 126 
125 127 
125 130 
125 136 
125 137 
125 143 
125 146 
125 147 
125 150 
125 151 
125 152 
125 153 
125 157 
125 158 
125 165 
125 169 
125 174 
125 175 
125 177 
125 178 
125 183 
125 184 
125 186 
125 193 
125 197 
125 246 
125 381 
126 128 
126 129 
126 131 
126 134 
126 136 
126 140 
126 144 
126 147 
126 148 
126 149 
126 150 
126 156 
126 158 
126 160 
126 161 
126 164 
126 166 
126 172 
126 175 
126 177 
126 178 
126 180 
126 181 
126 182 
126 183 
126 184 
126 185 
126 191 
126 192 
126 193 
126 194 
126 196 
127 128 
127 130 
127 137 
127 139 
127 145 
127 147 
127 150 
127 152 
127 154 
127 155 
127 158 
127 162 
127 171 
127 174 
127 175 
127 179 
127 181 
127 183 
127 190 
127 191 
127 194 
127 196 
127 199 
127 317 
128 129 
128 133 
128 135 
128 137 
128 143 
128 146 
128 149 
128 153 
128 154 
128 158 
128 159 
128 160 
128 166 
128 169 
128 171 
128 173 
128 175 
128 176 
128 179 
128 180 
128 181 
128 187 
128 189 
128 192 
128 246 
129 130 
129 132 
129 135 
129 137 
129 143 
129 144 
129 148 
129 150 
129 152 
129 153 
129 154 
129 155 
129 159 
129 162 
129 163 
129 165 
129 168 
129 169 
129 170 
129 171 
129 174 
129 176 
129 177 
129 181 
129 183 
129 185 
129 187 
129 189 
129 194 
129 196 
129 198 
129 199 
129 212 
129 239 
129 395 
130 137 
130 142 
130 144 
130 148 
130 152 
130 155 
130 159 
130 160 
130 161 
130 164 
130 166 
130 168 
130 169 
130 171 
130 173 
130 177 
130 184 
130 186 
130 190 
130 191 
130 192 
130 195 
130 297 
130 356 
130 372 
131 133 
131 136 
131 137 
131 138 
131 140 
131 144 
131 145 
131 148 
131 149 
131 150 
131 152 
131 153 
131 155 
131 157 
131 158 
131 159 
131 160 
131 162 
131 164 
131 165 
131 169 
131 172 
131 174 
131 177 
131 178 
131 185 
131 187 
131 189 
131 190 
131 191 
131 192 
131 194 
131 197 
131 198 
131 240 
132 137 
132 139 
132 140 
132 143 
132 144 
132 150 
132 152 
132 157 
132 158 
132 162 
132 163 
132 165 
132 168 
132 171 
132 177 
132 179 
132 181 
132 182 
132 185 
132 186 
132 190 
132 193 
132 195 
132 197 
132 343 
133 135 
133 136 
133 140 
133 141 
133 145 
133 146 
133 147 
133 148 
133 149 
133 151 
133 152 
133 153 
133 154 
133 156 
133 161 
133 163 
133 165 
133 167 
133 169 
133 171 
133 173 
133 175 
133 176 
133 177 
133 178 
133 180 
133 184 
133 185 
133 186 
133 187 
133 189 
133 190 
133 191 
133 195 
133 196 
133 197 
133 199 
133 240 
133 284 
134 136 
134 141 
134 142 
134 146 
134 147 
134 148 
134 156 
134 158 
134 159 
134 160 
134 164 
134 166 
134 167 
134 170 
134 184 
134 185 
134 191 
134 193 
134 194 
134 195 
134 196 
134 199 
134 238 
135 143 
135 144 
135 147 
135 152 
135 156 
135 158 
135 162 
135 165 
135 169 
135 175 
135 176 
135 177 
135 178 
135 192 
135 193 
135 195 
135 197 
135 366 
135 384 
136 139 
136 140 
136 143 
136 144 
136 145 
136 147 
136 148 
136 150 
136 151 
136 159 
136 172 
136 174 
136 175 
136 177 
136 178 
136 180 
136 186 
136 188 
136 194 
136 195 
136 196 
136 197 
136 198 
136 381 
136 396 
137 141 
137 142 
137 143 
137 145 
137 146 
137 147 
137 149 
137 151 
137 154 
137 155 
137 158 
137 161 
137 165 
137 167 
137 174 
137 175 
137 176 
137 180 
137 184 
137 185 
137 188 
137 190 
137 193 
137 197 
137 199 
137 308 
138 142 
138 143 
138 147 
138 148 
138 149 
138 150 
138 151 
138 152 
138 157 
138 164 
138 165 
138 167 
138 169 
138 174 
138 176 
138 177 
138 182 
138 184 
138 186 
138 187 
138 194 
138 197 
138 198 
138 199 
138 212 
139 142 
139 145 
139 146 
139 148 
139 154 
139 155 
139 156 
139 159 
139 163 
139 165 
139 167 
139 168 
139 170 
139 171 
139 172 
139 176 
139 177 
139 178 
139 179 
139 182 
139 183 
139 184 
139 185 
139 186 
139 188 
139 189 
139 190 
139 193 
139 195 
139 197 
139 199 
140 141 
140 142 
140 146 
140 147 
140 149 
140 150 
140 154 
140 156 
140 158 
140 160 
140 161 
140 162 
140 167 
140 169 
140 170 
140 175 
140 177 
140 180 
140 181 
140 184 
140 185 
140 187 
140 190 
140 191 
140 194 
140 195 
140 196 
140 199 
141 142 
141 143 
141 148 
141 149 
141 154 
141 158 
141 160 
141 161 
141 162 
141 164 
141 165 
141 167 
141 171 
141 172 
141 177 
141 179 
141 181 
141 186 
141 194 
141 195 
141 196 
141 197 
141 198 
141 199 
142 147 
142 149 
142 152 
142 153 
142 155 
142 157 
142 159 
142 165 
142 167 
142 168 
142 170 
142 172 
142 176 
142 177 
142 183 
142 185 
142 186 
142 188 
142 190 
142 193 
142 194 
142 197 
142 198 
142 199 
143 144 
143 148 
143 150 
143 151 
143 152 
143 153 
143 154 
143 156 
143 157 
143 161 
143 163 
143 164 
143 168 
143 172 
143 176 
143 178 
143 189 
143 190 
143 191 
143 194 
143 196 
143 229 
144 145 
144 150 
144 153 
144 154 
144 156 
144 157 
144 160 
144 164 
144 171 
144 172 
144 173 
144 175 
144 177 
144 178 
144 182 
144 190 
144 191 
144 192 
144 195 
144 322 
145 146 
145 147 
145 148 
145 150 
145 151 
145 157 
145 158 
145 159 
145 160 
145 161 
145 167 
145 168 
145 172 
145 173 
145 175 
145 178 
145 180 
145 183 
145 194 
145 198 
146 148 
146 151 
146 153 
146 157 
146 161 
146 162 
146 168 
146 169 
146 170 
146 172 
146 175 
146 181 
146 185 
146 189 
146 190 
146 192 
146 194 
146 196 
146 278 
146 311 
146 374 
147 151 
147 157 
147 160 
147 162 
147 163 
147 164 
147 165 
147 168 
147 169 
147 170 
147 174 
147 175 
147 177 
147 188 
147 192 
147 193 
147 194 
147 199 
148 150 
148 151 
148 152 
148 156 
148 157 
148 159 
148 160 
148 165 
148 166 
148 167 
148 170 
148 171 
148 173 
148 176 
148 177 
148 180 
148 181 
148 182 
148 188 
148 189 
148 192 
148 194 
148 196 
148 197 
148 392 
149 159 
149 160 
149 162 
149 163 
149 176 
149 183 
149 184 
149 185 
149 188 
149 189 
149 190 
149 195 
149 198 
149 345 
150 154 
150 157 
150 158 
150 159 
150 162 
150 164 
150 166 
150 170 
150 178 
150 181 
150 183 
150 184 
150 186 
150 187 
150 188 
150 189 
150 192 
150 198 
150 378 
151 154 
151 155 
151 157 
151 162 
151 165 
151 166 
151 167 
151 168 
151 171 
151 173 
151 174 
151 177 
151 178 
151 179 
151 182 
151 185 
151 189 
151 190 
151 191 
151 194 
151 305 
152 154 
152 156 
152 161 
152 162 
152 163 
152 165 
152 170 
152 174 
152 178 
152 181 
152 184 
152 188 
152 191 
152 192 
152 194 
152 196 
152 198 
152 199 
152 247 
152 334 
153 155 
153 157 
153 159 
153 161 
153 164 
153 166 
153 168 
153 170 
153 174 
153 176 
153 178 
153 180 
153 183 
153 184 
153 186 
153 187 
153 189 
153 193 
153 196 
153 198 
153 199 
154 155 
154 158 
154 159 
154 160 
154 166 
154 167 
154 168 
154 172 
154 173 
154 174 
154 178 
154 181 
154 184 
154 185 
154 188 
154 191 
154 192 
154 193 
154 195 
154 198 
155 156 
155 164 
155 167 
155 168 
155 169 
155 170 
155 172 
155 174 
155 177 
155 181 
155 185 
155 187 
155 188 
155 189 
155 192 
155 196 
155 198 
155 199 
155 347 
155 386 
156 158 
156 159 
156 160 
156 161 
156 162 
156 163 
156 165 
156 167 
156 168 
156 172 
156 173 
156 174 
156 175 
156 179 
156 180 
156 181 
156 182 
156 183 
156 185 
156 187 
156 188 
156 191 
156 192 
156 193 
156 194 
156 198 
156 199 
156 395 
157 159 
157 160 
157 164 
157 169 
157 171 
157 172 
157 173 
157 174 
157 175 
157 178 
157 182 
157 183 
157 185 
157 187 
157 188 
157 189 
157 191 
157 194 
157 195 
157 198 
157 342 
158 162 
158 163 
158 165 
158 167 
158 168 
158 170 
158 173 
158 174 
158 176 
158 185 
158 186 
158 190 
158 194 
158 199 
158 251 
159 161 
159 168 
159 178 
159 179 
159 181 
159 183 
159 184 
159 188 
159 189 
159 191 
159 195 
159 202 
160 172 
160 176 
160 177 
160 178 
160 180 
160 184 
160 186 
160 188 
160 194 
160 195 
160 196 
160 222 
160 281 
161 163 
161 164 
161 165 
161 166 
161 168 
161 169 
161 172 
161 175 
161 176 
161 177 
161 178 
161 179 
161 185 
161 189 
161 190 
161 191 
161 195 
161 197 
162 169 
162 170 
162 171 
162 172 
162 177 
162 178 
162 179 
162 180 
162 184 
162 186 
162 187 
162 190 
162 193 
162 196 
162 197 
162 198 
163 165 
163 166 
163 167 
163 168 
163 170 
163 174 
163 176 
163 178 
163 179 
163 180 
163 181 
163 183 
163 185 
163 188 
163 195 
163 196 
163 197 
163 198 
163 199 
163 209 
164 166 
164 167 
164 172 
164 177 
164 179 
164 180 
164 181 
164 182 
164 186 
164 190 
164 191 
164 193 
164 195 
164 196 
165 166 
165 170 
165 171 
165 172 
165 177 
165 180 
165 181 
165 191 
165 192 
165 193 
165 196 
166 167 
166 168 
166 171 
166 172 
166 173 
166 174 
166 175 
166 176 
166 177 
166 179 
166 180 
166 183 
166 185 
166 188 
166 189 
166 191 
166 192 
167 169 
167 175 
167 178 
167 181 
167 183 
167 189 
167 190 
167 191 
167 192 
167 274 
167 289 
168 170 
168 171 
168 174 
168 180 
168 182 
168 183 
168 184 
168 186 
168 187 
168 188 
169 171 
169 172 
169 175 
169 178 
169 179 
169 180 
169 182 
169 183 
169 184 
169 185 
169 186 
169 187 
169 189 
169 191 
169 195 
169 196 
169 197 
169 199 
169 279 
170 173 
170 176 
170 177 
170 178 
170 180 
170 184 
170 187 
170 189 
170 190 
170 195 
170 198 
170 199 
170 301 
171 179 
171 180 
171 181 
171 182 
171 187 
171 188 
171 193 
171 195 
171 196 
171 197 
171 198 
171 224 
171 396 
172 173 
172 174 
172 175 
172 178 
172 182 
172 189 
172 190 
172 194 
172 196 
172 199 
173 175 
173 176 
173 178 
173 181 
173 184 
173 185 
173 187 
173 188 
173 189 
173 194 
173 199 
173 246 
173 283 
174 177 
174 179 
174 181 
174 186 
174 187 
174 188 
174 189 
174 190 
174 194 
174 199 
175 178 
175 180 
175 182 
175 183 
175 184 
175 188 
175 193 
175 196 
176 178 
176 179 
176 182 
176 186 
176 188 
176 189 
176 192 
176 193 
176 195 
176 197 
176 200 
177 179 
177 182 
177 186 
177 188 
177 190 
177 192 
177 195 
177 198 
177 199 
177 228 
178 181 
178 183 
178 184 
178 190 
178 196 
178 199 
179 180 
179 185 
179 187 
179 188 
179 189 
179 190 
179 191 
179 196 
179 199 
179 291 
180 181 
180 188 
180 189 
180 190 
180 191 
180 192 
180 193 
180 196 
180 197 
180 198 
180 199 
180 384 
181 184 
181 185 
181 193 
181 196 
181 197 
181 199 
182 185 
182 186 
182 190 
182 191 
182 193 
182 194 
182 196 
182 197 
182 199 
183 184 
183 185 
183 187 
183 189 
183 190 
183 193 
183 195 
183 196 
183 197 
183 198 
184 185 
184 194 
184 196 
184 214 
184 294 
185 187 
185 188 
185 190 
185 193 
185 194 
185 197 
185 198 
185 199 
186 189 
186 191 
186 193 
186 194 
186 195 
186 197 
186 198 
187 190 
187 192 
187 193 
187 195 
187 196 
187 197 
187 198 
187 260 
188 189 
188 192 
188 193 
188 194 
188 199 
189 191 
189 192 
189 193 
189 195 
189 196 
189 197 
189 198 
190 192 
190 193 
190 194 
190 195 
190 196 
190 197 
191 194 
191 199 
191 302 
192 196 
192 197 
192 198 
192 360 
193 194 
193 195 
193 199 
193 222 
195 197 
195 198 
195 199 
196 198 
197 199 
197 273 
197 332 
198 321 
200 202 
200 208 
200 209 
200 211 
200 214 
200 217 
200 223 
200 224 
200 233 
200 235 
200 239 
200 240 
200 243 
200 250 
200 254 
200 257 
200 259 
200 260 
200 262 
200 265 
200 269 
200 270 
200 271 
200 275 
200 276 
200 277 
200 284 
200 288 
200 290 
200 292 
200 295 
200 298 
200 307 
200 367 
201 203 
201 204 
201 205 
201 211 
201 212 
201 215 
201 217 
201 218 
201 221 
201 237 
201 239 
201 245 
201 247 
201 248 
201 252 
201 254 
201 258 
201 259 
201 270 
201 271 
201 282 
201 283 
201 285 
201 286 
201 293 
201 297 
201 298 
201 348 
202 203 
202 213 
202 214 
202 215 
202 216 
202 218 
202 219 
202 222 
202 223 
202 226 
202 235 
202 237 
202 239 
202 240 
202 245 
202 247 
202 248 
202 250 
202 251 
202 253 
202 257 
202 258 
202 259 
202 261 
202 266 
202 269 
202 271 
202 274 
202 278 
202 283 
202 284 
202 287 
202 290 
202 291 
202 292 
202 293 
202 298 
202 366 
203 209 
203 211 
203 213 
203 214 
203 216 
203 217 
203 219 
203 223 
203 225 
203 234 
203 235 
203 236 
203 238 
203 239 
203 242 
203 243 
203 244 
203 252 
203 253 
203 254 
203 255 
203 259 
203 261 
203 267 
203 268 
203 272 
203 277 
203 281 
203 285 
203 289 
204 208 
204 209 
204 210 
204 215 
204 216 
204 221 
204 224 
204 225 
204 227 
204 230 
204 232 
204 233 
204 237 
204 241 
204 242 
204 243 
204 246 
204 247 
204 250 
204 251 
204 252 
204 253 
204 255 
204 257 
204 264 
204 265 
204 267 
204 268 
204 270 
204 271 
204 272 
204 274 
204 275 
204 278 
204 282 
204 283 
204 286 
204 289 
204 297 
205 215 
205 216 
205 220 
205 221 
205 223 
205 224 
205 226 
205 227 
205 229 
205 230 
205 231 
205 235 
205 236 
205 238 
205 239 
205 240 
205 242 
205 245 
205 246 
205 251 
205 252 
205 254 
205 258 
205 261 
205 263 
205 268 
205 271 
205 275 
205 276 
205 281 
205 282 
205 286 
205 288 
205 289 
205 294 
205 296 
205 298 
205 299 
206 210 
206 211 
206 212 
206 213 
206 214 
206 216 
206 217 
206 218 
206 222 
206 225 
206 228 
206 229 
206 230 
206 232 
206 233 
206 235 
206 239 
206 240 
206 242 
206 247 
206 254 
206 256 
206 261 
206 263 
206 270 
206 271 
206 273 
206 280 
206 281 
206 286 
206 290 
206 291 
206 297 
206 348 
207 208 
207 212 
207 213 
207 216 
207 217 
207 218 
207 219 
207 221 
207 222 
207 223 
207 224 
207 225 
207 226 
207 228 
207 229 
207 235 
207 237 
207 238 
207 240 
207 248 
207 250 
207 252 
207 261 
207 262 
207 265 
207 266 
207 272 
207 273 
207 274 
207 276 
207 278 
207 279 
207 282 
207 286 
207 288 
207 289 
207 293 
207 296 
207 299 
208 209 
208 210 
208 212 
208 213 
208 216 
208 223 
208 225 
208 227 
208 230 
208 231 
208 235 
208 238 
208 240 
208 243 
208 244 
208 245 
208 246 
208 247 
208 252 
208 255 
208 257 
208 258 
208 260 
208 261 
208 263 
208 268 
208 272 
208 275 
208 277 
208 284 
208 286 
208 288 
208 289 
208 290 
208 292 
208 296 
208 298 
208 299 
209 210 
209 223 
209 237 
209 240 
209 244 
209 249 
209 250 
209 251 
209 252 
209 253 
209 254 
209 257 
209 263 
209 268 
209 269 
209 273 
209 274 
209 275 
209 276 
209 279 
209 280 
209 281 
209 285 
210 214 
210 217 
210 218 
210 222 
210 228 
210 229 
210 232 
210 235 
210 239 
210 241 
210 243 
210 244 
210 247 
210 248 
210 250 
210 253 
210 255 
210 256 
210 259 
210 271 
210 272 
210 274 
210 275 
210 277 
210 281 
210 282 
210 288 
210 289 
210 290 
210 297 
210 299 
210 337 
211 213 
211 221 
211 223 
211 226 
211 227 
211 229 
211 230 
211 234 
211 236 
211 242 
211 243 
211 244 
211 245 
211 249 
211 250 
211 251 
211 252 
211 254 
211 258 
211 263 
211 267 
211 269 
211 270 
211 273 
211 274 
211 280 
211 281 
211 288 
211 289 
211 291 
212 213 
212 215 
212 216 
212 218 
212 221 
212 224 
212 226 
212 227 
212 228 
212 229 
212 233 
212 234 
212 238 
212 243 
212 253 
212 254 
212 256 
212 257 
212 258 
212 259 
212 260 
212 267 
212 270 
212 274 
212 275 
212 276 
212 279 
212 281 
212 282 
212 283 
212 285 
212 292 
212 293 
212 299 
213 223 
213 227 
213 229 
213 231 
213 232 
213 233 
213 235 
213 236 
213 238 
213 242 
213 245 
213 254 
213 255 
213 257 
213 266 
213 269 
213 271 
213 272 
213 273 
213 279 
213 283 
213 285 
213 288 
213 289 
213 290 
213 336 
214 216 
214 219 
214 231 
214 232 
214 233 
214 235 
214 236 
214 239 
214 240 
214 243 
214 246 
214 251 
214 259 
214 260 
214 261 
214 262 
214 263 
214 264 
214 266 
214 267 
214 268 
214 273 
214 274 
214 276 
214 278 
214 280 
214 283 
214 285 
214 286 
214 287 
214 289 
214 294 
214 295 
214 296 
214 298 
215 218 
215 220 
215 221 
215 223 
215 224 
215 225 
215 231 
215 234 
215 238 
215 245 
215 246 
215 252 
215 259 
215 260 
215 267 
215 268 
215 269 
215 270 
215 272 
215 273 
215 276 
215 278 
215 280 
215 282 
215 283 
215 287 
215 290 
215 295 
215 296 
215 297 
215 299 
216 217 
216 220 
216 221 
216 223 
216 227 
216 229 
216 230 
216 232 
216 237 
216 239 
216 246 
216 254 
216 255 
216 256 
216 258 
216 259 
216 260 
216 265 
216 267 
216 271 
216 273 
216 278 
216 282 
216 284 
216 289 
216 292 
216 293 
216 295 
216 362 
217 220 
217 223 
217 226 
217 227 
217 231 
217 232 
217 236 
217 242 
217 243 
217 254 
217 255 
217 256 
217 257 
217 258 
217 264 
217 266 
217 267 
217 270 
217 271 
217 272 
217 273 
217 276 
217 278 
217 279 
217 280 
217 282 
217 285 
217 286 
217 295 
217 297 
218 219 
218 220 
218 221 
218 223 
218 224 
218 226 
218 229 
218 232 
218 234 
218 236 
218 241 
218 243 
218 250 
218 252 
218 253 
218 257 
218 258 
218 264 
218 265 
218 267 
218 268 
218 270 
218 273 
218 274 
218 276 
218 279 
218 280 
218 281 
218 284 
218 286 
218 291 
218 292 
218 294 
218 323 
219 225 
219 228 
219 230 
219 232 
219 233 
219 235 
219 238 
219 244 
219 245 
219 248 
219 250 
219 251 
219 254 
219 258 
219 260 
219 261 
219 265 
219 267 
219 271 
219 273 
219 274 
219 276 
219 279 
219 282 
219 284 
219 285 
219 286 
219 292 
219 294 
219 295 
219 296 
219 297 
219 366 
220 223 
220 225 
220 229 
220 230 
220 231 
220 232 
220 234 
220 236 
220 238 
220 246 
220 251 
220 254 
220 255 
220 257 
220 258 
220 259 
220 260 
220 263 
220 266 
220 267 
220 268 
220 272 
220 275 
220 276 
220 278 
220 280 
220 281 
220 282 
220 284 
220 285 
220 286 
220 287 
220 288 
220 289 
220 290 
220 291 
220 296 
220 299 
221 223 
221 225 
221 228 
221 229 
221 230 
221 232 
221 233 
221 236 
221 237 
221 238 
221 239 
221 243 
221 244 
221 250 
221 252 
221 258 
221 261 
221 263 
221 265 
221 266 
221 267 
221 270 
221 273 
221 274 
221 276 
221 280 
221 287 
221 288 
221 290 
221 295 
222 224 
222 225 
222 226 
222 231 
222 233 
222 234 
222 235 
222 237 
222 238 
222 241 
222 247 
222 249 
222 252 
222 254 
222 255 
222 257 
222 258 
222 261 
222 266 
222 267 
222 269 
222 271 
222 273 
222 274 
222 275 
222 284 
222 287 
222 291 
222 292 
222 294 
222 295 
222 296 
223 226 
223 228 
223 229 
223 230 
223 232 
223 237 
223 238 
223 239 
223 242 
223 244 
223 245 
223 248 
223 251 
223 252 
223 257 
223 258 
223 260 
223 262 
223 266 
223 271 
223 273 
223 280 
223 281 
223 285 
223 287 
223 288 
223 289 
223 291 
224 231 
224 234 
224 238 
224 239 
224 240 
224 242 
224 244 
224 249 
224 251 
224 252 
224 254 
224 255 
224 256 
224 258 
224 259 
224 265 
224 266 
224 268 
224 275 
224 276 
224 278 
224 283 
224 287 
224 293 
224 294 
224 295 
224 297 
224 298 
225 227 
225 228 
225 229 
225 231 
225 233 
225 236 
225 238 
225 242 
225 243 
225 246 
225 248 
225 251 
225 253 
225 254 
225 257 
225 258 
225 260 
225 261 
225 262 
225 263 
225 264 
225 268 
225 272 
225 275 
225 276 
225 277 
225 278 
225 279 
225 281 
225 284 
225 286 
225 287 
225 288 
225 289 
225 292 
225 325 
226 227 
226 231 
226 233 
226 235 
226 237 
226 239 
226 240 
226 242 
226 243 
226 245 
226 246 
226 247 
226 251 
226 253 
226 254 
226 255 
226 256 
226 262 
226 264 
226 265 
226 266 
226 268 
226 269 
226 270 
226 271 
226 276 
226 278 
226 281 
226 282 
226 283 
226 284 
226 285 
226 288 
226 289 
226 291 
226 292 
226 296 
226 297 
226 298 
226 299 
227 228 
227 230 
227 231 
227 233 
227 235 
227 238 
227 246 
227 248 
227 251 
227 252 
227 256 
227 263 
227 267 
227 269 
227 272 
227 274 
227 275 
227 277 
227 279 
227 280 
227 281 
227 284 
227 286 
227 287 
227 288 
227 289 
227 298 
228 231 
228 232 
228 235 
228 236 
228 237 
228 240 
228 242 
228 245 
228 246 
228 249 
228 257 
228 259 
228 262 
228 265 
228 267 
228 268 
228 273 
228 275 
228 277 
228 281 
228 282 
228 286 
228 297 
228 390 
229 230 
229 231 
229 238 
229 239 
229 242 
229 243 
229 246 
229 248 
229 250 
229 252 
229 253 
229 254 
229 256 
229 257 
229 262 
229 264 
229 265 
229 266 
229 271 
229 274 
229 276 
229 277 
229 279 
229 280 
229 282 
229 283 
229 286 
229 290 
229 292 
229 294 
229 295 
229 296 
229 297 
229 298 
229 299 
229 328 
230 236 
230 237 
230 238 
230 246 
230 247 
230 250 
230 252 
230 259 
230 268 
230 270 
230 271 
230 272 
230 273 
230 278 
230 279 
230 283 
230 288 
230 294 
230 334 
231 233 
231 234 
231 236 
231 242 
231 244 
231 247 
231 250 
231 254 
231 255 
231 256 
231 258 
231 263 
231 265 
231 266 
231 267 
231 272 
231 273 
231 276 
231 279 
231 281 
231 282 
231 288 
231 290 
231 299 
231 397 
232 234 
232 239 
232 240 
232 243 
232 245 
232 246 
232 250 
232 253 
232 257 
232 259 
232 264 
232 266 
232 267 
232 268 
232 270 
232 273 
232 274 
232 276 
232 277 
232 279 
232 280 
232 283 
232 289 
232 293 
232 295 
232 297 
232 348 
233 237 
233 238 
233 240 
233 241 
233 243 
233 245 
233 247 
233 249 
233 251 
233 252 
233 255 
233 262 
233 263 
233 264 
233 265 
233 268 
233 269 
233 272 
233 274 
233 275 
233 276 
233 279 
233 280 
233 282 
233 287 
233 290 
233 291 
233 299 
234 235 
234 236 
234 240 
234 243 
234 244 
234 248 
234 251 
234 252 
234 253 
234 256 
234 257 
234 259 
234 266 
234 268 
234 271 
234 279 
234 281 
234 282 
234 286 
234 287 
234 291 
234 292 
234 293 
234 296 
234 299 
235 236 
235 237 
235 239 
235 240 
235 242 
235 243 
235 245 
235 246 
235 247 
235 248 
235 249 
235 253 
235 254 
235 255 
235 266 
235 267 
235 268 
235 269 
235 276 
235 277 
235 278 
235 279 
235 280 
235 281 
235 290 
235 292 
235 293 
235 294 
235 296 
235 299 
236 240 
236 241 
236 242 
236 245 
236 247 
236 248 
236 250 
236 255 
236 259 
236 260 
236 261 
236 262 
236 265 
236 270 
236 275 
236 276 
236 280 
236 285 
236 286 
236 287 
236 289 
236 291 
236 293 
236 294 
236 295 
236 314 
237 238 
237 239 
237 242 
237 243 
237 244 
237 248 
237 249 
237 252 
237 253 
237 257 
237 258 
237 259 
237 261 
237 263 
237 264 
237 275 
237 277 
237 278 
237 280 
237 282 
237 289 
237 295 
237 296 
237 297 
237 299 
237 343 
238 239 
238 240 
238 244 
238 247 
238 251 
238 254 
238 257 
238 264 
238 266 
238 267 
238 269 
238 270 
238 273 
238 275 
238 276 
238 280 
238 287 
238 293 
238 294 
238 295 
238 297 
238 298 
238 299 
239 246 
239 249 
239 250 
239 253 
239 254 
239 258 
239 260 
239 261 
239 263 
239 267 
239 272 
239 275 
239 279 
239 280 
239 281 
239 288 
239 290 
239 292 
239 293 
239 296 
240 243 
240 246 
240 252 
240 255 
240 258 
240 261 
240 262 
240 263 
240 265 
240 266 
240 268 
240 270 
240 271 
240 272 
240 273 
240 274 
240 276 
240 277 
240 278 
240 279 
240 282 
240 283 
240 287 
240 290 
240 291 
240 292 
240 296 
241 242 
241 243 
241 251 
241 253 
241 254 
241 257 
241 262 
241 263 
241 264 
241 266 
241 267 
241 268 
241 269 
241 273 
241 276 
241 277 
241 278 
241 280 
241 289 
241 291 
241 294 
242 244 
242 248 
242 252 
242 256 
242 258 
242 261 
242 264 
242 268 
242 269 
242 272 
242 276 
242 277 
242 283 
242 286 
242 287 
242 289 
242 291 
242 296 
242 298 
243 244 
243 247 
243 250 
243 251 
243 253 
243 254 
243 256 
243 258 
243 259 
243 260 
243 261 
243 262 
243 263 
243 271 
243 274 
243 275 
243 276 
243 277 
243 279 
243 282 
243 283 
243 285 
243 286 
243 288 
243 289 
243 290 
243 293 
243 295 
243 296 
244 245 
244 248 
244 251 
244 255 
244 259 
244 260 
244 263 
244 264 
244 265 
244 266 
244 269 
244 270 
244 273 
244 277 
244 278 
244 279 
244 287 
244 288 
244 290 
244 291 
244 294 
244 298 
244 299 
244 394 
245 246 
245 248 
245 249 
245 251 
245 253 
245 262 
245 269 
245 271 
245 272 
245 273 
245 274 
245 275 
245 279 
245 282 
245 283 
245 285 
245 290 
245 291 
245 292 
245 299 
246 250 
246 252 
246 257 
246 258 
246 260 
246 261 
246 263 
246 267 
246 271 
246 274 
246 277 
246 279 
246 284 
246 289 
246 290 
246 291 
246 292 
246 296 
246 297 
246 298 
246 299 
247 249 
247 253 
247 254 
247 255 
247 259 
247 262 
247 267 
247 270 
247 271 
247 272 
247 275 
247 276 
247 277 
247 279 
247 282 
247 284 
247 287 
247 288 
247 293 
247 294 
247 295 
247 297 
247 373 
247 377 
248 253 
248 254 
248 257 
248 269 
248 270 
248 273 
248 276 
248 278 
248 279 
248 280 
248 283 
248 284 
248 287 
248 289 
248 293 
248 294 
248 296 
248 352 
249 251 
249 253 
249 254 
249 255 
249 256 
249 257 
249 258 
249 260 
249 261 
249 264 
249 269 
249 270 
249 272 
249 273 
249 274 
249 275 
249 278 
249 284 
249 286 
249 288 
249 290 
249 295 
249 296 
249 297 
249 299 
250 257 
250 259 
250 262 
250 267 
250 268 
250 272 
250 276 
250 278 
250 279 
250 282 
250 286 
250 288 
250 289 
250 291 
250 292 
250 293 
250 295 
250 297 
250 298 
250 393 
251 254 
251 255 
251 257 
251 262 
251 263 
251 271 
251 277 
251 280 
251 282 
251 285 
251 287 
251 288 
251 290 
251 293 
251 294 
251 299 
251 321 
251 325 
252 253 
252 254 
252 256 
252 258 
252 262 
252 264 
252 265 
252 269 
252 271 
252 272 
252 273 
252 276 
252 279 
252 280 
252 281 
252 282 
252 283 
252 286 
252 288 
252 292 
252 295 
252 299 
253 256 
253 257 
253 258 
253 260 
253 263 
253 266 
253 267 
253 270 
253 273 
253 274 
253 275 
253 279 
253 283 
253 284 
253 285 
253 287 
253 288 
253 290 
253 292 
253 299 
254 255 
254 258 
254 261 
254 262 
254 264 
254 266 
254 267 
254 269 
254 273 
254 275 
254 278 
254 283 
254 284 
254 285 
254 287 
254 288 
254 289 
254 293 
254 294 
254 295 
254 298 
254 391 
255 256 
255 259 
255 260 
255 261 
255 262 
255 264 
255 265 
255 266 
255 267 
255 270 
255 271 
255 276 
255 277 
255 288 
255 291 
255 294 
255 298 
255 299 
255 373 
255 389 
256 265 
256 269 
256 270 
256 275 
256 276 
256 281 
256 282 
256 289 
256 296 
256 297 
256 307 
256 335 
257 258 
257 262 
257 265 
257 266 
257 267 
257 268 
257 269 
257 271 
257 274 
257 281 
257 282 
257 283 
257 284 
257 285 
257 286 
257 288 
257 293 
257 295 
257 299 
257 309 
258 261 
258 264 
258 269 
258 272 
258 275 
258 276 
258 281 
258 283 
258 285 
258 287 
258 288 
258 290 
258 293 
259 261 
259 262 
259 263 
259 265 
259 267 
259 268 
259 271 
259 273 
259 274 
259 276 
259 280 
259 282 
259 287 
259 288 
259 290 
259 294 
259 315 
259 394 
260 263 
260 267 
260 268 
260 270 
260 272 
260 273 
260 277 
260 278 
260 281 
260 285 
260 287 
260 295 
260 298 
260 299 
261 264 
261 265 
261 266 
261 267 
261 268 
261 270 
261 271 
261 272 
261 275 
261 278 
261 286 
261 287 
261 289 
261 291 
261 295 
261 296 
261 297 
261 299 
262 266 
262 267 
262 275 
262 276 
262 277 
262 278 
262 280 
262 281 
262 283 
262 285 
262 291 
262 292 
262 295 
262 297 
262 299 
263 265 
263 266 
263 267 
263 268 
263 275 
263 277 
263 280 
263 282 
263 286 
263 289 
263 291 
263 292 
263 296 
263 297 
264 267 
264 276 
264 277 
264 279 
264 281 
264 282 
264 283 
264 284 
264 285 
264 286 
264 289 
264 290 
264 292 
264 294 
264 296 
264 297 
264 298 
265 267 
265 268 
265 273 
265 277 
265 278 
265 281 
265 283 
265 284 
265 288 
265 291 
265 293 
265 296 
265 329 
266 269 
266 271 
266 277 
266 279 
266 282 
266 285 
266 286 
266 287 
266 291 
266 293 
266 295 
266 297 
266 298 
266 328 
267 268 
267 270 
267 272 
267 273 
267 275 
267 285 
267 286 
267 287 
267 296 
267 297 
267 298 
267 310 
267 355 
268 273 
268 277 
268 284 
268 288 
268 291 
268 292 
268 295 
268 375 
269 271 
269 273 
269 277 
269 281 
269 286 
269 287 
269 288 
269 289 
269 290 
269 295 
269 297 
269 383 
270 272 
270 274 
270 276 
270 278 
270 279 
270 282 
270 287 
270 289 
270 291 
270 292 
270 293 
270 294 
270 297 
271 274 
271 278 
271 282 
271 284 
271 288 
271 289 
271 290 
271 291 
271 294 
271 296 
271 297 
271 298 
272 275 
272 276 
272 278 
272 279 
272 280 
272 285 
272 286 
272 287 
272 288 
272 292 
272 293 
272 296 
272 299 
273 280 
273 281 
273 282 
273 292 
273 296 
274 277 
274 278 
274 279 
274 280 
274 281 
274 282 
274 284 
274 285 
274 286 
274 287 
274 288 
274 291 
274 294 
274 296 
274 297 
274 299 
275 277 
275 279 
275 281 
275 282 
275 286 
275 298 
276 278 
276 279 
276 282 
276 285 
276 286 
276 287 
276 289 
276 290 
276 291 
276 293 
276 294 
276 297 
276 298 
277 279 
277 283 
277 289 
277 292 
278 280 
278 285 
278 289 
278 290 
278 292 
279 282 
279 283 
279 285 
279 290 
279 291 
279 292 
279 296 
279 298 
279 396 
280 281 
280 282 
280 288 
280 289 
280 291 
280 294 
280 297 
281 284 
281 287 
281 292 
281 296 
282 287 
282 288 
282 292 
282 296 
282 299 
282 368 
283 284 
283 285 
283 286 
283 287 
283 290 
283 291 
283 292 
283 293 
283 295 
283 297 
284 292 
284 294 
284 296 
285 286 
285 287 
285 289 
285 294 
285 295 
285 296 
285 298 
285 299 
285 344 
285 382 
286 288 
286 295 
286 298 
286 299 
287 292 
287 294 
287 296 
287 297 
288 289 
288 295 
288 296 
289 290 
289 291 
289 296 
289 298 
290 292 
290 294 
290 296 
290 297 
290 299 
290 310 
290 321 
291 298 
291 299 
291 300 
292 293 
292 294 
292 296 
292 299 
293 295 
293 297 
294 298 
294 372 
297 298 
297 299 
300 305 
300 306 
300 311 
300 313 
300 319 
300 322 
300 323 
300 325 
300 329 
300 331 
300 337 
300 340 
300 341 
300 343 
300 345 
300 346 
300 348 
300 349 
300 352 
300 353 
300 355 
300 357 
300 359 
300 362 
300 363 
300 364 
300 365 
300 366 
300 369 
300 370 
300 373 
300 381 
300 385 
300 387 
300 390 
300 396 
300 397 
300 399 
301 302 
301 305 
301 307 
301 311 
301 316 
301 319 
301 322 
301 324 
301 325 
301 327 
301 334 
301 335 
301 338 
301 341 
301 342 
301 345 
301 350 
301 355 
301 358 
301 360 
301 362 
301 367 
301 370 
301 371 
301 372 
301 374 
301 377 
301 382 
301 384 
301 385 
301 388 
301 389 
301 392 
301 393 
301 394 
301 397 
301 399 
302 304 
302 307 
302 310 
302 313 
302 317 
302 318 
302 325 
302 328 
302 329 
302 331 
302 339 
302 340 
302 343 
302 345 
302 346 
302 348 
302 351 
302 353 
302 354 
302 355 
302 357 
302 362 
302 365 
302 367 
302 371 
302 372 
302 377 
302 379 
302 384 
302 385 
302 388 
302 390 
302 395 
302 397 
302 398 
302 399 
303 304 
303 305 
303 306 
303 307 
303 309 
303 312 
303 315 
303 316 
303 318 
303 320 
303 321 
303 323 
303 324 
303 327 
303 330 
303 331 
303 332 
303 333 
303 334 
303 337 
303 343 
303 345 
303 347 
303 349 
303 350 
303 352 
303 353 
303 354 
303 360 
303 363 
303 365 
303 367 
303 369 
303 373 
303 378 
303 379 
303 382 
303 383 
303 388 
303 390 
303 392 
303 393 
303 394 
303 396 
304 307 
304 308 
304 309 
304 311 
304 314 
304 315 
304 316 
304 320 
304 321 
304 326 
304 327 
304 328 
304 329 
304 330 
304 331 
304 332 
304 334 
304 335 
304 336 
304 337 
304 341 
304 343 
304 344 
304 348 
304 349 
304 350 
304 354 
304 356 
304 358 
304 360 
304 361 
304 365 
304 368 
304 369 
304 374 
304 378 
304 379 
304 386 
304 392 
304 393 
304 395 
305 310 
305 314 
305 321 
305 323 
305 329 
305 338 
305 339 
305 344 
305 345 
305 346 
305 348 
305 351 
305 352 
305 356 
305 358 
305 362 
305 363 
305 364 
305 365 
305 371 
305 375 
305 376 
305 378 
305 379 
305 380 
305 381 
305 383 
305 387 
305 399 
306 308 
306 309 
306 313 
306 314 
306 315 
306 317 
306 319 
306 320 
306 321 
306 325 
306 326 
306 331 
306 332 
306 335 
306 337 
306 344 
306 345 
306 350 
306 355 
306 356 
306 357 
306 369 
306 370 
306 371 
306 372 
306 373 
306 374 
306 375 
306 378 
306 385 
306 388 
307 310 
307 311 
307 312 
307 317 
307 318 
307 319 
307 326 
307 327 
307 328 
307 329 
307 331 
307 332 
307 333 
307 339 
307 341 
307 342 
307 344 
307 348 
307 349 
307 355 
307 356 
307 357 
307 358 
307 359 
307 361 
307 362 
307 364 
307 367 
307 370 
307 374 
307 375 
307 378 
307 379 
307 380 
307 381 
307 382 
307 384 
307 385 
307 388 
307 392 
307 393 
307 394 
307 395 
307 396 
307 398 
307 399 
308 309 
308 314 
308 315 
308 316 
308 318 
308 319 
308 320 
308 321 
308 323 
308 324 
308 326 
308 328 
308 332 
308 333 
308 335 
308 339 
308 342 
308 352 
308 353 
308 354 
308 357 
308 361 
308 383 
308 384 
308 387 
308 393 
308 395 
309 311 
309 315 
309 318 
309 323 
309 325 
309 327 
309 330 
309 331 
309 333 
309 335 
309 336 
309 338 
309 339 
309 342 
309 345 
309 348 
309 350 
309 354 
309 355 
309 356 
309 363 
309 364 
309 365 
309 372 
309 374 
309 375 
309 377 
309 379 
309 382 
309 385 
309 388 
309 391 
309 392 
309 397 
309 398 
310 312 
310 317 
310 319 
310 320 
310 321 
310 323 
310 324 
310 325 
310 326 
310 327 
310 328 
310 333 
310 337 
310 339 
310 340 
310 345 
310 346 
310 352 
310 353 
310 360 
310 362 
310 366 
310 368 
310 374 
310 377 
310 380 
310 383 
310 384 
310 385 
310 387 
310 391 
310 393 
310 396 
310 398 
311 314 
311 315 
311 317 
311 318 
311 321 
311 325 
311 329 
311 331 
311 333 
311 334 
311 337 
311 338 
311 340 
311 342 
311 343 
311 344 
311 346 
311 348 
311 351 
311 352 
311 353 
311 354 
311 356 
311 358 
311 361 
311 362 
311 366 
311 369 
311 371 
311 372 
311 373 
311 377 
311 379 
311 381 
311 385 
311 386 
311 387 
311 388 
311 389 
311 390 
311 391 
311 392 
311 394 
311 395 
311 396 
311 398 
311 399 
312 313 
312 314 
312 316 
312 318 
312 319 
312 321 
312 322 
312 329 
312 331 
312 333 
312 346 
312 350 
312 352 
312 356 
312 357 
312 359 
312 362 
312 363 
312 366 
312 367 
312 369 
312 376 
312 381 
312 382 
312 383 
312 385 
312 387 
312 389 
312 395 
313 320 
313 322 
313 326 
313 328 
313 335 
313 337 
313 339 
313 344 
313 346 
313 347 
313 351 
313 353 
313 355 
313 359 
313 361 
313 362 
313 364 
313 365 
313 366 
313 367 
313 368 
313 371 
313 373 
313 376 
313 378 
313 381 
313 383 
313 388 
313 391 
313 393 
313 395 
313 399 
314 315 
314 316 
314 317 
314 318 
314 319 
314 321 
314 322 
314 323 
314 325 
314 326 
314 327 
314 329 
314 332 
314 335 
314 337 
314 338 
314 339 
314 340 
314 345 
314 346 
314 347 
314 349 
314 351 
314 353 
314 355 
314 358 
314 359 
314 360 
314 361 
314 362 
314 363 
314 364 
314 365 
314 366 
314 368 
314 375 
314 379 
314 380 
314 381 
314 383 
314 386 
314 388 
314 389 
314 390 
315 319 
315 320 
315 321 
315 322 
315 323 
315 325 
315 328 
315 329 
315 331 
315 333 
315 336 
315 339 
315 343 
315 347 
315 349 
315 351 
315 352 
315 353 
315 354 
315 355 
315 356 
315 357 
315 358 
315 363 
315 365 
315 368 
315 369 
315 370 
315 372 
315 374 
315 375 
315 376 
315 377 
315 380 
315 381 
315 386 
315 397 
315 398 
315 399 
316 320 
316 322 
316 324 
316 327 
316 331 
316 333 
316 335 
316 337 
316 338 
316 339 
316 342 
316 355 
316 356 
316 357 
316 358 
316 361 
316 363 
316 364 
316 365 
316 371 
316 372 
316 374 
316 376 
316 379 
316 383 
316 385 
316 387 
316 388 
316 391 
316 393 
316 397 
316 398 
317 321 
317 327 
317 328 
317 337 
317 340 
317 342 
317 346 
317 348 
317 349 
317 353 
317 356 
317 359 
317 360 
317 362 
317 367 
317 368 
317 371 
317 372 
317 381 
317 382 
317 383 
317 385 
317 387 
317 388 
317 389 
317 390 
317 393 
317 395 
317 398 
318 323 
318 326 
318 328 
318 330 
318 336 
318 338 
318 343 
318 347 
318 348 
318 349 
318 351 
318 353 
318 356 
318 357 
318 366 
318 367 
318 369 
318 373 
318 378 
318 382 
318 383 
318 386 
318 391 
318 392 
319 321 
319 322 
319 327 
319 331 
319 332 
319 334 
319 336 
319 339 
319 340 
319 341 
319 344 
319 346 
319 361 
319 363 
319 366 
319 369 
319 372 
319 377 
319 380 
319 383 
319 387 
319 390 
319 393 
319 395 
320 321 
320 327 
320 328 
320 329 
320 330 
320 331 
320 333 
320 334 
320 335 
320 336 
320 341 
320 343 
320 345 
320 347 
320 351 
320 352 
320 355 
320 356 
320 361 
320 364 
320 366 
320 371 
320 373 
320 376 
320 380 
320 382 
320 390 
320 391 
320 393 
320 396 
321 322 
321 324 
321 328 
321 330 
321 332 
321 335 
321 340 
321 342 
321 344 
321 348 
321 352 
321 357 
321 364 
321 366 
321 367 
321 372 
321 374 
321 375 
321 377 
321 378 
321 382 
321 383 
321 387 
321 388 
321 390 
321 392 
321 393 
321 398 
322 331 
322 333 
322 335 
322 337 
322 339 
322 342 
322 343 
322 347 
322 348 
322 352 
322 353 
322 355 
322 356 
322 360 
322 362 
322 367 
322 370 
322 374 
322 383 
322 384 
322 385 
322 387 
322 390 
322 393 
322 394 
322 395 
322 398 
323 327 
323 329 
323 330 
323 331 
323 340 
323 341 
323 343 
323 344 
323 348 
323 351 
323 354 
323 356 
323 357 
323 358 
323 360 
323 361 
323 366 
323 367 
323 372 
323 373 
323 377 
323 379 
323 384 
323 385 
323 387 
323 388 
323 394 
323 398 
324 326 
324 328 
324 332 
324 334 
324 335 
324 337 
324 338 
324 339 
324 340 
324 341 
324 343 
324 344 
324 345 
324 347 
324 350 
324 352 
324 353 
324 354 
324 355 
324 358 
324 359 
324 360 
324 363 
324 364 
324 366 
324 367 
324 373 
324 374 
324 377 
324 379 
324 380 
324 381 
324 383 
324 384 
324 388 
324 389 
324 390 
324 396 
324 399 
325 333 
325 337 
325 338 
325 339 
325 342 
325 343 
325 348 
325 352 
325 354 
325 357 
325 359 
325 364 
325 365 
325 367 
325 369 
325 380 
325 381 
325 382 
325 383 
325 389 
325 391 
325 394 
325 395 
325 398 
325 399 
326 339 
326 342 
326 345 
326 346 
326 348 
326 350 
326 358 
326 360 
326 361 
326 362 
326 366 
326 367 
326 368 
326 370 
326 372 
326 373 
326 378 
326 379 
326 380 
326 383 
326 384 
326 385 
326 388 
326 389 
326 391 
326 392 
326 395 
326 396 
326 398 
327 332 
327 336 
327 339 
327 340 
327 342 
327 345 
327 353 
327 354 
327 356 
327 358 
327 359 
327 363 
327 365 
327 366 
327 367 
327 370 
327 379 
327 381 
327 382 
327 383 
327 385 
327 388 
327 395 
327 396 
328 330 
328 332 
328 333 
328 335 
328 337 
328 338 
328 341 
328 344 
328 351 
328 352 
328 354 
328 359 
328 361 
328 367 
328 370 
328 371 
328 373 
328 374 
328 375 
328 376 
328 377 
328 378 
328 380 
328 384 
328 385 
328 389 
328 391 
328 393 
328 394 
328 395 
328 399 
329 333 
329 335 
329 336 
329 337 
329 341 
329 343 
329 345 
329 347 
329 350 
329 352 
329 353 
329 354 
329 357 
329 358 
329 362 
329 365 
329 367 
329 371 
329 372 
329 374 
329 376 
329 378 
329 381 
329 382 
329 384 
329 386 
329 387 
329 390 
329 393 
329 395 
329 398 
330 337 
330 338 
330 347 
330 349 
330 355 
330 358 
330 360 
330 362 
330 364 
330 366 
330 367 
330 372 
330 373 
330 380 
330 381 
330 384 
330 385 
330 387 
330 390 
330 392 
330 394 
330 395 
330 397 
330 398 
331 332 
331 336 
331 345 
331 347 
331 356 
331 358 
331 359 
331 364 
331 366 
331 367 
331 371 
331 372 
331 377 
331 379 
331 382 
331 389 
331 393 
331 394 
331 395 
331 398 
331 399 
332 333 
332 335 
332 336 
332 337 
332 342 
332 344 
332 347 
332 351 
332 353 
332 356 
332 358 
332 361 
332 372 
332 373 
332 377 
332 378 
332 380 
332 382 
332 388 
332 389 
332 392 
332 394 
333 335 
333 336 
333 338 
333 339 
333 341 
333 344 
333 345 
333 351 
333 355 
333 364 
333 366 
333 368 
333 371 
333 374 
333 382 
333 390 
333 393 
333 394 
333 395 
333 399 
334 341 
334 345 
334 346 
334 348 
334 349 
334 351 
334 352 
334 353 
334 354 
334 355 
334 360 
334 363 
334 364 
334 365 
334 374 
334 378 
334 380 
334 382 
334 384 
334 385 
334 389 
334 391 
334 392 
334 393 
334 395 
334 397 
335 336 
335 339 
335 341 
335 342 
335 343 
335 346 
335 348 
335 352 
335 353 
335 354 
335 356 
335 361 
335 363 
335 365 
335 366 
335 369 
335 370 
335 371 
335 372 
335 373 
335 375 
335 386 
335 387 
335 391 
335 399 
336 339 
336 340 
336 342 
336 343 
336 345 
336 350 
336 352 
336 353 
336 354 
336 355 
336 356 
336 358 
336 359 
336 362 
336 368 
336 374 
336 375 
336 376 
336 379 
336 381 
336 382 
336 385 
336 389 
336 394 
336 396 
337 340 
337 343 
337 344 
337 345 
337 346 
337 349 
337 353 
337 356 
337 359 
337 362 
337 366 
337 369 
337 372 
337 373 
337 374 
337 376 
337 379 
337 380 
337 382 
337 386 
337 388 
337 389 
337 390 
337 391 
337 394 
338 339 
338 340 
338 344 
338 345 
338 351 
338 353 
338 359 
338 364 
338 365 
338 366 
338 367 
338 368 
338 369 
338 372 
338 374 
338 379 
338 380 
338 382 
338 388 
338 392 
338 393 
338 396 
338 397 
338 398 
338 399 
339 349 
339 355 
339 360 
339 362 
339 363 
339 365 
339 366 
339 368 
339 372 
339 374 
339 376 
339 380 
339 381 
339 382 
339 384 
339 387 
339 388 
339 390 
339 393 
339 396 
339 398 
340 341 
340 342 
340 344 
340 345 
340 347 
340 348 
340 351 
340 352 
340 353 
340 356 
340 357 
340 360 
340 361 
340 366 
340 367 
340 368 
340 370 
340 375 
340 378 
340 381 
340 384 
340 385 
340 388 
340 392 
340 395 
340 398 
341 346 
341 347 
341 354 
341 355 
341 357 
341 358 
341 360 
341 361 
341 367 
341 368 
341 370 
341 374 
341 375 
341 378 
341 381 
341 392 
341 394 
341 398 
342 344 
342 349 
342 356 
342 364 
342 366 
342 367 
342 373 
342 375 
342 379 
342 382 
342 384 
342 386 
342 392 
342 394 
342 395 
342 397 
342 399 
343 344 
343 346 
343 347 
343 349 
343 355 
343 358 
343 360 
343 363 
343 365 
343 366 
343 367 
343 375 
343 377 
343 379 
343 380 
343 386 
343 389 
343 394 
343 395 
343 398 
344 346 
344 347 
344 348 
344 351 
344 352 
344 354 
344 365 
344 366 
344 368 
344 371 
344 373 
344 377 
344 378 
344 380 
344 381 
344 389 
344 390 
344 392 
344 395 
344 396 
345 346 
345 348 
345 352 
345 356 
345 360 
345 364 
345 372 
345 374 
345 376 
345 379 
345 380 
345 385 
345 387 
345 391 
345 394 
345 397 
345 398 
345 399 
346 347 
346 351 
346 353 
346 357 
346 358 
346 361 
346 363 
346 364 
346 365 
346 368 
346 369 
346 373 
346 378 
346 381 
346 385 
346 389 
346 390 
346 391 
346 392 
346 393 
346 394 
347 348 
347 351 
347 352 
347 354 
347 360 
347 361 
347 362 
347 363 
347 366 
347 371 
347 372 
347 376 
347 380 
347 381 
347 386 
347 394 
347 396 
347 397 
348 351 
348 353 
348 354 
348 357 
348 359 
348 363 
348 365 
348 368 
348 370 
348 374 
348 377 
348 379 
348 381 
348 383 
348 384 
348 386 
348 390 
348 391 
348 393 
348 397 
349 350 
349 354 
349 356 
349 358 
349 360 
349 363 
349 366 
349 369 
349 370 
349 372 
349 374 
349 375 
349 376 
349 378 
349 380 
349 382 
349 383 
349 384 
349 385 
349 386 
349 390 
349 391 
349 395 
349 397 
349 399 
350 353 
350 354 
350 355 
350 357 
350 358 
350 362 
350 363 
350 365 
350 368 
350 379 
350 380 
350 383 
350 384 
350 391 
350 392 
350 394 
350 398 
351 352 
351 354 
351 355 
351 360 
351 361 
351 362 
351 363 
351 364 
351 365 
351 367 
351 372 
351 373 
351 374 
351 375 
351 377 
351 378 
351 379 
351 380 
351 381 
351 382 
351 383 
351 384 
351 386 
351 387 
351 388 
351 392 
351 398 
351 399 
352 353 
352 357 
352 358 
352 359 
352 360 
352 362 
352 363 
352 364 
352 365 
352 369 
352 370 
352 371 
352 373 
352 376 
352 379 
352 381 
352 382 
352 384 
352 386 
352 387 
352 390 
352 393 
352 395 
353 356 
353 358 
353 362 
353 363 
353 364 
353 368 
353 369 
353 371 
353 372 
353 373 
353 375 
353 379 
353 380 
353 382 
353 383 
353 385 
353 386 
353 388 
353 393 
353 399 
354 355 
354 361 
354 367 
354 368 
354 371 
354 373 
354 383 
354 387 
354 389 
354 393 
354 395 
354 397 
354 398 
354 399 
355 358 
355 361 
355 367 
355 368 
355 369 
355 373 
355 376 
355 377 
355 379 
355 383 
355 386 
355 387 
355 389 
355 393 
355 395 
355 396 
356 357 
356 359 
356 360 
356 361 
356 362 
356 363 
356 365 
356 370 
356 378 
356 379 
356 380 
356 382 
356 383 
356 384 
356 386 
356 389 
356 391 
356 394 
356 395 
357 358 
357 360 
357 362 
357 364 
357 370 
357 371 
357 373 
357 374 
357 382 
357 386 
357 388 
357 396 
357 397 
357 398 
357 399 
358 361 
358 362 
358 364 
358 371 
358 372 
358 373 
358 376 
358 378 
358 381 
358 385 
358 387 
358 388 
358 389 
358 390 
358 393 
359 360 
359 366 
359 368 
359 370 
359 376 
359 377 
359 379 
359 385 
359 390 
359 392 
359 393 
359 394 
359 396 
359 399 
360 364 
360 365 
360 366 
360 367 
360 369 
360 370 
360 376 
360 378 
360 380 
360 382 
360 384 
360 389 
360 391 
360 392 
360 394 
360 398 
361 363 
361 364 
361 365 
361 369 
361 387 
361 391 
361 394 
361 396 
361 398 
362 364 
362 366 
362 367 
362 369 
362 371 
362 372 
362 380 
362 381 
362 393 
362 394 
362 395 
363 368 
363 373 
363 374 
363 377 
363 379 
363 381 
363 382 
363 386 
363 387 
363 389 
363 394 
363 396 
363 397 
363 398 
364 365 
364 369 
364 375 
364 376 
364 378 
364 386 
364 387 
364 388 
364 390 
364 391 
364 397 
364 398 
365 366 
365 370 
365 371 
365 372 
365 375 
365 381 
365 383 
365 384 
365 386 
365 388 
365 390 
365 393 
365 394 
365 397 
365 399 
366 369 
366 373 
366 374 
366 375 
366 376 
366 378 
366 379 
366 383 
366 384 
366 389 
366 391 
366 393 
366 397 
366 398 
366 399 
367 369 
367 372 
367 376 
367 378 
367 379 
367 380 
367 381 
367 383 
367 386 
367 387 
367 391 
367 394 
367 397 
368 372 
368 377 
368 381 
368 382 
368 383 
368 385 
368 391 
368 396 
369 371 
369 377 
369 378 
369 379 
369 380 
369 384 
369 386 
369 387 
369 390 
369 392 
369 393 
369 395 
369 397 
369 398 
370 372 
370 373 
370 374 
370 378 
370 383 
370 390 
370 391 
370 392 
370 396 
370 399 
371 374 
371 377 
371 378 
371 382 
371 384 
371 389 
371 392 
371 394 
371 398 
371 399 
372 376 
372 378 
372 379 
372 380 
372 381 
372 382 
372 385 
372 388 
372 389 
372 391 
372 393 
372 396 
372 399 
373 375 
373 378 
373 388 
373 391 
373 393 
373 395 
373 397 
373 398 
374 375 
374 376 
374 381 
374 385 
374 387 
374 388 
374 389 
374 392 
374 394 
374 395 
374 399 
375 377 
375 378 
375 380 
375 387 
375 388 
375 389 
375 391 
375 393 
375 394 
375 397 
375 398 
376 377 
376 378 
376 379 
376 380 
376 381 
376 383 
376 386 
376 390 
376 392 
376 393 
376 395 
376 397 
376 398 
377 380 
377 382 
377 385 
377 386 
377 389 
377 391 
377 392 
377 395 
377 398 
378 386 
378 388 
378 389 
378 393 
378 396 
378 397 
379 381 
379 382 
379 383 
379 386 
379 387 
379 389 
379 395 
380 381 
380 382 
380 384 
380 386 
380 387 
380 388 
380 396 
381 382 
381 384 
381 388 
381 392 
381 393 
381 396 
381 397 
382 384 
382 385 
382 386 
382 389 
382 393 
382 394 
383 384 
383 385 
383 386 
383 387 
383 391 
383 395 
383 397 
383 399 
384 385 
384 386 
384 387 
384 388 
384 391 
384 396 
384 399 
385 392 
385 393 
385 394 
385 398 
386 395 
386 396 
386 397 
387 389 
387 395 
387 399 
388 389 
388 391 
388 392 
388 393 
388 397 
390 392 
390 395 
390 396 
390 397 
390 399 
391 392 
391 393 
391 394 
391 395 
392 393 
392 396 
392 398 
393 394 
393 397 
394 397 
394 399 
397 398 
397 399 
398 399 
