0 4 
1 4 
2 4 
3 4 
4 4 
5 4 
6 4 
7 4 
8 4 
9 4 
10 4 
11 4 
12 4 
13 4 
14 4 
15 4 
16 4 
17 4 
18 4 
19 4 
20 4 
21 4 
22 4 
23 4 
24 4 
25 4 
26 4 
27 4 
28 4 
29 4 
30 4 
31 4 
32 4 
33 4 
34 4 
35 4 
36 4 
37 4 
38 4 
39 4 
40 4 
41 4 
42 4 
43 4 
44 4 
45 4 
46 4 
47 4 
48 4 
49 4 
50 4 
51 4 
52 4 
53 4 
54 4 
55 4 
56 4 
57 4 
58 4 
59 4 
60 4 
61 4 
62 4 
63 4 
64 4 
65 4 
66 4 
67 4 
68 4 
69 4 
70 4 
71 4 
72 4 
73 4 
74 4 
75 4 
76 4 
77 4 
78 4 
79 4 
80 4 
81 4 
82 4 
83 4 
84 4 
85 4 
86 4 
87 4 
88 4 
89 4 
90 4 
91 4 
92 4 
93 4 
94 4 
95 4 
96 4 
97 4 
98 4 
99 4 
100 115 
101 115 
102 115 
103 115 
104 115 
105 115 
106 115 
107 115 
108 115 
109 115 
110 115 
111 115 
112 115 
113 115 
114 115 
115 115 
116 115 
117 115 
118 115 
119 115 
120 115 
121 115 
122 115 
123 115 
124 115 
125 115 
126 115 
127 115 
128 115 
129 115 
130 115 
131 115 
132 115 
133 115 
134 115 
135 115 
136 115 
137 115 
138 115 
139 115 
140 115 
141 115 
142 115 
143 115 
144 115 
145 115 
146 115 
147 115 
148 115 
149 115 
150 115 
151 115 
152 115 
153 115 
154 115 
155 115 
156 115 
157 115 
158 115 
159 115 
160 115 
161 115 
162 115 
163 115 
164 115 
165 115 
166 115 
167 115 
168 115 
169 115 
170 115 
171 115 
172 115 
173 115 
174 115 
175 115 
176 115 
177 115 
178 115 
179 115 
180 115 
181 115 
182 115 
183 115 
184 115 
185 115 
186 115 
187 115 
188 115 
189 115 
190 115 
191 115 
192 115 
193 115 
194 115 
195 115 
196 115 
197 115 
198 115 
199 115 
200 3 
201 3 
202 3 
203 3 
204 3 
205 3 
206 3 
207 3 
208 3 
209 3 
210 3 
211 3 
212 3 
213 3 
214 3 
215 3 
216 3 
217 3 
218 3 
219 3 
220 3 
221 3 
222 3 
223 3 
224 3 
225 3 
226 3 
227 3 
228 3 
229 3 
230 3 
231 3 
232 3 
233 3 
234 3 
235 3 
236 3 
237 3 
238 3 
239 3 
240 3 
241 3 
242 3 
243 3 
244 3 
245 3 
246 3 
247 3 
248 3 
249 3 
250 3 
251 3 
252 3 
253 3 
254 3 
255 3 
256 3 
257 3 
258 3 
259 3 
260 3 
261 3 
262 3 
263 3 
264 3 
265 3 
266 3 
267 3 
268 3 
269 3 
270 3 
271 3 
272 3 
273 3 
274 3 
275 3 
276 3 
277 3 
278 3 
279 3 
280 3 
281 3 
282 3 
283 3 
284 3 
285 3 
286 3 
287 3 
288 3 
289 3 
290 3 
291 3 
292 3 
293 3 
294 3 
295 3 
296 3 
297 3 
298 3 
299 3 
300 5 
301 5 
302 5 
303 5 
304 5 
305 5 
306 5 
307 5 
308 5 
309 5 
310 5 
311 5 
312 5 
313 5 
314 5 
315 5 
316 5 
317 5 
318 5 
319 5 
320 5 
321 5 
322 5 
323 5 
324 5 
325 5 
326 5 
327 5 
328 5 
329 5 
330 5 
331 5 
332 5 
333 5 
334 5 
335 5 
336 5 
337 5 
338 5 
339 5 
340 5 
341 5 
342 5 
343 5 
344 5 
345 5 
346 5 
347 5 
348 5 
349 5 
350 5 
351 5 
352 5 
353 5 
354 5 
355 5 
356 5 
357 5 
358 5 
359 5 
360 5 
361 5 
362 5 
363 5 
364 5 
365 5 
366 5 
367 5 
368 5 
369 5 
370 5 
371 5 
372 5 
373 5 
374 5 
375 5 
376 5 
377 5 
378 5 
379 5 
380 5 
381 5 
382 5 
383 5 
384 5 
385 5 
386 5 
387 5 
388 5 
389 5 
390 5 
391 5 
392 5 
393 5 
394 5 
395 5 
396 5 
397 5 
398 5 
399 5 
