0 2 
1 2 
2 2 
3 2 
4 2 
5 2 
6 2 
7 2 
8 2 
9 2 
10 2 
11 2 
12 2 
13 2 
14 2 
15 2 
16 2 
17 2 
18 2 
19 2 
20 2 
21 2 
22 2 
23 2 
24 2 
25 2 
26 2 
27 2 
28 2 
29 2 
30 2 
31 2 
32 2 
33 2 
34 2 
35 2 
36 2 
37 2 
38 2 
39 2 
40 2 
41 2 
42 2 
43 2 
44 2 
45 2 
46 2 
47 2 
48 2 
49 2 
50 2 
51 2 
52 2 
53 2 
54 2 
55 2 
56 2 
57 2 
58 2 
59 2 
60 2 
61 2 
62 2 
63 2 
64 2 
65 2 
66 2 
67 2 
68 2 
69 2 
70 2 
71 2 
72 2 
73 2 
74 2 
75 2 
76 2 
77 2 
78 2 
79 2 
80 2 
81 2 
82 2 
83 2 
84 2 
85 2 
86 2 
87 2 
88 2 
89 2 
90 2 
91 2 
92 2 
93 2 
94 2 
95 2 
96 2 
97 2 
98 2 
99 2 
100 100 
101 100 
102 100 
103 100 
104 100 
105 100 
106 100 
107 100 
108 100 
109 100 
110 100 
111 100 
112 100 
113 100 
114 100 
115 100 
116 100 
117 100 
118 100 
119 100 
120 100 
121 100 
122 100 
123 100 
124 100 
125 100 
126 100 
127 100 
128 100 
129 100 
130 100 
131 100 
132 100 
133 100 
134 100 
135 100 
136 100 
137 100 
138 100 
139 100 
140 100 
141 100 
142 100 
143 100 
144 100 
145 100 
146 100 
147 100 
148 100 
149 100 
150 100 
151 100 
152 100 
153 100 
154 100 
155 100 
156 100 
157 100 
158 100 
159 100 
160 100 
161 100 
162 100 
163 100 
164 100 
165 100 
166 100 
167 100 
168 100 
169 100 
170 100 
171 100 
172 100 
173 100 
174 100 
175 100 
176 100 
177 100 
178 100 
179 100 
180 100 
181 100 
182 100 
183 100 
184 100 
185 100 
186 100 
187 100 
188 100 
189 100 
190 100 
191 100 
192 100 
193 100 
194 100 
195 100 
196 100 
197 100 
198 100 
199 100 
200 200 
201 200 
202 200 
203 200 
204 200 
205 200 
206 200 
207 200 
208 200 
209 200 
210 200 
211 200 
212 200 
213 200 
214 200 
215 200 
216 200 
217 200 
218 200 
219 200 
220 200 
221 200 
222 200 
223 200 
224 200 
225 200 
226 200 
227 200 
228 200 
229 200 
230 200 
231 200 
232 200 
233 200 
234 200 
235 200 
236 200 
237 200 
238 200 
239 200 
240 200 
241 200 
242 200 
243 200 
244 200 
245 200 
246 200 
247 200 
248 200 
249 200 
250 200 
251 200 
252 200 
253 200 
254 200 
255 200 
256 200 
257 200 
258 200 
259 200 
260 200 
261 200 
262 200 
263 200 
264 200 
265 200 
266 200 
267 200 
268 200 
269 200 
270 200 
271 200 
272 200 
273 200 
274 200 
275 200 
276 200 
277 200 
278 200 
279 200 
280 200 
281 200 
282 200 
283 200 
284 200 
285 200 
286 200 
287 200 
288 200 
289 200 
290 200 
291 200 
292 200 
293 200 
294 200 
295 200 
296 200 
297 200 
298 200 
299 200 
300 301 
301 301 
302 301 
303 301 
304 301 
305 301 
306 301 
307 301 
308 301 
309 301 
310 301 
311 301 
312 301 
313 301 
314 301 
315 301 
316 301 
317 301 
318 301 
319 301 
320 301 
321 301 
322 301 
323 301 
324 301 
325 301 
326 301 
327 301 
328 301 
329 301 
330 301 
331 301 
332 301 
333 301 
334 301 
335 301 
336 301 
337 301 
338 301 
339 301 
340 301 
341 301 
342 301 
343 301 
344 301 
345 301 
346 301 
347 301 
348 301 
349 301 
350 301 
351 301 
352 301 
353 301 
354 301 
355 301 
356 301 
357 301 
358 301 
359 301 
360 301 
361 301 
362 301 
363 301 
364 301 
365 301 
366 301 
367 301 
368 301 
369 301 
370 301 
371 301 
372 301 
373 301 
374 301 
375 301 
376 301 
377 301 
378 301 
379 301 
380 301 
381 301 
382 301 
383 301 
384 301 
385 301 
386 301 
387 301 
388 301 
389 301 
390 301 
391 301 
392 301 
393 301 
394 301 
395 301 
396 301 
397 301 
398 301 
399 301 
