0 0 
1 0 
2 0 
3 0 
4 0 
5 0 
6 0 
7 0 
8 0 
9 0 
10 0 
11 0 
12 0 
13 0 
14 0 
15 0 
16 0 
17 0 
18 0 
19 0 
20 0 
21 0 
22 0 
23 0 
24 0 
25 0 
26 0 
27 0 
28 0 
29 0 
30 0 
31 0 
32 0 
33 0 
34 0 
35 0 
36 0 
37 0 
38 0 
39 0 
40 0 
41 0 
42 0 
43 0 
44 0 
45 0 
46 0 
47 0 
48 0 
49 0 
50 0 
51 0 
52 0 
53 0 
54 0 
55 0 
56 0 
57 0 
58 0 
59 0 
60 0 
61 0 
62 0 
63 0 
64 0 
65 0 
66 0 
67 0 
68 0 
69 0 
70 0 
71 0 
72 0 
73 0 
74 0 
75 0 
76 0 
77 0 
78 0 
79 0 
80 0 
81 0 
82 0 
83 0 
84 0 
85 0 
86 0 
87 0 
88 0 
89 0 
90 0 
91 0 
92 0 
93 0 
94 0 
95 0 
96 0 
97 0 
98 0 
99 0 
100 100 
101 100 
102 100 
103 100 
104 100 
105 100 
106 100 
107 100 
108 100 
109 100 
110 100 
111 100 
112 100 
113 100 
114 100 
115 100 
116 100 
117 100 
118 100 
119 100 
120 100 
121 100 
122 100 
123 100 
124 100 
125 100 
126 100 
127 100 
128 100 
129 100 
130 100 
131 100 
132 100 
133 100 
134 100 
135 100 
136 100 
137 100 
138 100 
139 100 
140 100 
141 100 
142 100 
143 100 
144 100 
145 100 
146 100 
147 100 
148 100 
149 100 
150 100 
151 100 
152 100 
153 100 
154 100 
155 100 
156 100 
157 100 
158 100 
159 100 
160 100 
161 100 
162 100 
163 100 
164 100 
165 100 
166 100 
167 100 
168 100 
169 100 
170 100 
171 100 
172 100 
173 100 
174 100 
175 100 
176 100 
177 100 
178 100 
179 100 
180 100 
181 100 
182 100 
183 100 
184 100 
185 100 
186 100 
187 100 
188 100 
189 100 
190 100 
191 100 
192 100 
193 100 
194 100 
195 100 
196 100 
197 100 
198 100 
199 100 
200 200 
201 200 
202 200 
203 200 
204 200 
205 200 
206 200 
207 200 
208 200 
209 200 
210 200 
211 200 
212 200 
213 200 
214 200 
215 200 
216 200 
217 200 
218 200 
219 200 
220 200 
221 200 
222 200 
223 200 
224 200 
225 200 
226 200 
227 200 
228 200 
229 200 
230 200 
231 200 
232 200 
233 200 
234 200 
235 200 
236 200 
237 200 
238 200 
239 200 
240 200 
241 200 
242 200 
243 200 
244 200 
245 200 
246 200 
247 200 
248 200 
249 200 
250 200 
251 200 
252 200 
253 200 
254 200 
255 200 
256 200 
257 200 
258 200 
259 200 
260 200 
261 200 
262 200 
263 200 
264 200 
265 200 
266 200 
267 200 
268 200 
269 200 
270 200 
271 200 
272 200 
273 200 
274 200 
275 200 
276 200 
277 200 
278 200 
279 200 
280 200 
281 200 
282 200 
283 200 
284 200 
285 200 
286 200 
287 200 
288 200 
289 200 
290 200 
291 200 
292 200 
293 200 
294 200 
295 200 
296 200 
297 200 
298 200 
299 200 
300 300 
301 300 
302 300 
303 300 
304 300 
305 300 
306 300 
307 300 
308 300 
309 300 
310 300 
311 300 
312 300 
313 300 
314 300 
315 300 
316 300 
317 300 
318 300 
319 300 
320 300 
321 300 
322 300 
323 300 
324 300 
325 300 
326 300 
327 300 
328 300 
329 300 
330 300 
331 300 
332 300 
333 300 
334 300 
335 300 
336 300 
337 300 
338 300 
339 300 
340 300 
341 300 
342 300 
343 300 
344 300 
345 300 
346 300 
347 300 
348 300 
349 300 
350 300 
351 300 
352 300 
353 300 
354 300 
355 300 
356 300 
357 300 
358 300 
359 300 
360 300 
361 300 
362 300 
363 300 
364 300 
365 300 
366 300 
367 300 
368 300 
369 300 
370 300 
371 300 
372 300 
373 300 
374 300 
375 300 
376 300 
377 300 
378 300 
379 300 
380 300 
381 300 
382 300 
383 300 
384 300 
385 300 
386 300 
387 300 
388 300 
389 300 
390 300 
391 300 
392 300 
393 300 
394 300 
395 300 
396 300 
397 300 
398 300 
399 300 
