0 1 
1 1 
2 1 
3 1 
4 1 
5 1 
6 1 
7 1 
8 1 
9 1 
10 1 
11 1 
12 1 
13 1 
14 1 
15 1 
16 1 
17 1 
18 1 
19 1 
20 1 
21 1 
22 1 
23 1 
24 1 
25 1 
26 1 
27 1 
28 1 
29 1 
30 1 
31 1 
32 1 
33 1 
34 1 
35 1 
36 1 
37 1 
38 1 
39 1 
40 1 
41 1 
42 1 
43 1 
44 1 
45 1 
46 1 
47 1 
48 1 
49 1 
50 1 
51 1 
52 1 
53 1 
54 1 
55 1 
56 1 
57 1 
58 1 
59 1 
60 1 
61 1 
62 1 
63 1 
64 1 
65 1 
66 1 
67 1 
68 1 
69 1 
70 1 
71 1 
72 1 
73 1 
74 1 
75 1 
76 1 
77 1 
78 1 
79 1 
80 1 
81 1 
82 1 
83 1 
84 1 
85 1 
86 1 
87 1 
88 1 
89 1 
90 1 
91 1 
92 1 
93 1 
94 1 
95 1 
96 1 
97 1 
98 1 
99 1 
100 0 
101 0 
102 0 
103 0 
104 0 
105 0 
106 0 
107 0 
108 0 
109 0 
110 0 
111 0 
112 0 
113 0 
114 0 
115 0 
116 0 
117 0 
118 0 
119 0 
120 0 
121 0 
122 0 
123 0 
124 0 
125 0 
126 0 
127 0 
128 0 
129 0 
130 0 
131 0 
132 0 
133 0 
134 0 
135 0 
136 0 
137 0 
138 0 
139 0 
140 0 
141 0 
142 0 
143 0 
144 0 
145 0 
146 0 
147 0 
148 0 
149 0 
150 0 
151 0 
152 0 
153 0 
154 0 
155 0 
156 0 
157 0 
158 0 
159 0 
160 0 
161 0 
162 0 
163 0 
164 0 
165 0 
166 0 
167 0 
168 0 
169 0 
170 0 
171 0 
172 0 
173 0 
174 0 
175 0 
176 0 
177 0 
178 0 
179 0 
180 0 
181 0 
182 0 
183 0 
184 0 
185 0 
186 0 
187 0 
188 0 
189 0 
190 0 
191 0 
192 0 
193 0 
194 0 
195 0 
196 0 
197 0 
198 0 
199 0 
200 32 
201 32 
202 32 
203 32 
204 32 
205 32 
206 32 
207 32 
208 32 
209 32 
210 32 
211 32 
212 32 
213 32 
214 32 
215 32 
216 32 
217 32 
218 32 
219 32 
220 32 
221 32 
222 32 
223 32 
224 32 
225 32 
226 32 
227 32 
228 32 
229 32 
230 32 
231 32 
232 32 
233 32 
234 32 
235 32 
236 32 
237 32 
238 32 
239 32 
240 32 
241 32 
242 32 
243 32 
244 32 
245 32 
246 32 
247 32 
248 32 
249 32 
250 32 
251 32 
252 32 
253 32 
254 32 
255 32 
256 32 
257 32 
258 32 
259 32 
260 32 
261 32 
262 32 
263 32 
264 32 
265 32 
266 32 
267 32 
268 32 
269 32 
270 32 
271 32 
272 32 
273 32 
274 32 
275 32 
276 32 
277 32 
278 32 
279 32 
280 32 
281 32 
282 32 
283 32 
284 32 
285 32 
286 32 
287 32 
288 32 
289 32 
290 32 
291 32 
292 32 
293 32 
294 32 
295 32 
296 32 
297 32 
298 32 
299 32 
300 175 
301 175 
302 175 
303 175 
304 175 
305 175 
306 175 
307 175 
308 175 
309 175 
310 175 
311 175 
312 175 
313 175 
314 175 
315 175 
316 175 
317 175 
318 175 
319 175 
320 175 
321 175 
322 175 
323 175 
324 175 
325 175 
326 175 
327 175 
328 175 
329 175 
330 175 
331 175 
332 175 
333 175 
334 175 
335 175 
336 175 
337 175 
338 175 
339 175 
340 175 
341 175 
342 175 
343 175 
344 175 
345 175 
346 175 
347 175 
348 175 
349 175 
350 175 
351 175 
352 175 
353 175 
354 175 
355 175 
356 175 
357 175 
358 175 
359 175 
360 175 
361 175 
362 175 
363 175 
364 175 
365 175 
366 175 
367 175 
368 175 
369 175 
370 175 
371 175 
372 175 
373 175 
374 175 
375 175 
376 175 
377 175 
378 175 
379 175 
380 175 
381 175 
382 175 
383 175 
384 175 
385 175 
386 175 
387 175 
388 175 
389 175 
390 175 
391 175 
392 175 
393 175 
394 175 
395 175 
396 175 
397 175 
398 175 
399 175 
