0 3 
1 3 
2 3 
3 3 
4 3 
5 3 
6 3 
7 3 
8 3 
9 3 
10 3 
11 3 
12 3 
13 3 
14 3 
15 3 
16 3 
17 3 
18 3 
19 3 
20 3 
21 3 
22 3 
23 3 
24 3 
25 3 
26 3 
27 3 
28 3 
29 3 
30 3 
31 3 
32 3 
33 3 
34 3 
35 3 
36 3 
37 3 
38 3 
39 3 
40 3 
41 3 
42 3 
43 3 
44 3 
45 3 
46 3 
47 3 
48 3 
49 3 
50 3 
51 3 
52 3 
53 3 
54 3 
55 3 
56 3 
57 3 
58 3 
59 3 
60 3 
61 3 
62 3 
63 3 
64 3 
65 3 
66 3 
67 3 
68 3 
69 3 
70 3 
71 3 
72 3 
73 3 
74 3 
75 3 
76 3 
77 3 
78 3 
79 3 
80 3 
81 3 
82 3 
83 3 
84 3 
85 3 
86 3 
87 3 
88 3 
89 3 
90 3 
91 3 
92 3 
93 3 
94 3 
95 3 
96 3 
97 3 
98 3 
99 3 
100 101 
101 101 
102 101 
103 101 
104 101 
105 101 
106 101 
107 101 
108 101 
109 101 
110 101 
111 101 
112 101 
113 101 
114 101 
115 101 
116 101 
117 101 
118 101 
119 101 
120 101 
121 101 
122 101 
123 101 
124 101 
125 101 
126 101 
127 101 
128 101 
129 101 
130 101 
131 101 
132 101 
133 101 
134 101 
135 101 
136 101 
137 101 
138 101 
139 101 
140 101 
141 101 
142 101 
143 101 
144 101 
145 101 
146 101 
147 101 
148 101 
149 101 
150 101 
151 101 
152 101 
153 101 
154 101 
155 101 
156 101 
157 101 
158 101 
159 101 
160 101 
161 101 
162 101 
163 101 
164 101 
165 101 
166 101 
167 101 
168 101 
169 101 
170 101 
171 101 
172 101 
173 101 
174 101 
175 101 
176 101 
177 101 
178 101 
179 101 
180 101 
181 101 
182 101 
183 101 
184 101 
185 101 
186 101 
187 101 
188 101 
189 101 
190 101 
191 101 
192 101 
193 101 
194 101 
195 101 
196 101 
197 101 
198 101 
199 101 
200 202 
201 202 
202 202 
203 202 
204 202 
205 202 
206 202 
207 202 
208 202 
209 202 
210 202 
211 202 
212 202 
213 202 
214 202 
215 202 
216 202 
217 202 
218 202 
219 202 
220 202 
221 202 
222 202 
223 202 
224 202 
225 202 
226 202 
227 202 
228 202 
229 202 
230 202 
231 202 
232 202 
233 202 
234 202 
235 202 
236 202 
237 202 
238 202 
239 202 
240 202 
241 202 
242 202 
243 202 
244 202 
245 202 
246 202 
247 202 
248 202 
249 202 
250 202 
251 202 
252 202 
253 202 
254 202 
255 202 
256 202 
257 202 
258 202 
259 202 
260 202 
261 202 
262 202 
263 202 
264 202 
265 202 
266 202 
267 202 
268 202 
269 202 
270 202 
271 202 
272 202 
273 202 
274 202 
275 202 
276 202 
277 202 
278 202 
279 202 
280 202 
281 202 
282 202 
283 202 
284 202 
285 202 
286 202 
287 202 
288 202 
289 202 
290 202 
291 202 
292 202 
293 202 
294 202 
295 202 
296 202 
297 202 
298 202 
299 202 
300 300 
301 300 
302 300 
303 300 
304 300 
305 300 
306 300 
307 300 
308 300 
309 300 
310 300 
311 300 
312 300 
313 300 
314 300 
315 300 
316 300 
317 300 
318 300 
319 300 
320 300 
321 300 
322 300 
323 300 
324 300 
325 300 
326 300 
327 300 
328 300 
329 300 
330 300 
331 300 
332 300 
333 300 
334 300 
335 300 
336 300 
337 300 
338 300 
339 300 
340 300 
341 300 
342 300 
343 300 
344 300 
345 300 
346 300 
347 300 
348 300 
349 300 
350 300 
351 300 
352 300 
353 300 
354 300 
355 300 
356 300 
357 300 
358 300 
359 300 
360 300 
361 300 
362 300 
363 300 
364 300 
365 300 
366 300 
367 300 
368 300 
369 300 
370 300 
371 300 
372 300 
373 300 
374 300 
375 300 
376 300 
377 300 
378 300 
379 300 
380 300 
381 300 
382 300 
383 300 
384 300 
385 300 
386 300 
387 300 
388 300 
389 300 
390 300 
391 300 
392 300 
393 300 
394 300 
395 300 
396 300 
397 300 
398 300 
399 300 
